160390.0 0.00488 0.00554 0.00495 0.0108 0.00488 4.0 1.29333 0.0 666.66 8.0 1.0
160390.0 0.00548 0.00606 0.00554 0.0112 0.00548 4.4 1.28039 0.0 662.46 8.0 1.0
160390.0 0.00614 0.00653 0.00618 0.011 0.00614 4.84 1.26759 0.0 657.84 8.0 1.0
160390.0 0.00681 0.00688 0.00681 0.0104 0.00681 5.32 1.25491 0.0 652.76 8.0 1.0
160390.0 0.00734 0.00696 0.00731 0.0099 0.00734 5.86 1.24236 0.0 647.17 8.0 1.0
160390.0 0.0075 0.00668 0.00744 0.00965 0.0075 6.44 1.22994 0.0 641.02 8.0 1.0
160390.0 0.00689 0.00602 0.00681 0.0095 0.00689 7.09 1.21764 0.0 634.255 8.0 1.0
160390.0 0.00571 0.00513 0.00565 0.00963 0.00571 7.79 1.20546 0.0 626.815 8.0 1.0
160390.0 0.00457 0.00422 0.00452 0.0109 0.00457 8.57 1.19341 0.0 618.635 8.0 1.0
160390.0 0.00371 0.00345 0.00368 0.0148 0.00371 9.43 1.18148 0.0 609.635 8.0 1.0
160390.0 0.00304 0.00288 0.00304 0.022 0.00304 10.37 1.16966 0.0 599.735 8.0 1.0
160390.0 0.00209 0.00247 0.00213 0.0288 0.00209 11.41 1.15796 0.0 588.845 8.0 1.0
160390.0 0.00155 0.00226 0.0016 0.0358 0.00155 12.55 1.14638 0.0 576.865 8.0 1.0
160390.0 0.00157 0.00231 0.00162 0.0429 0.00157 13.81 1.13492 0.0 563.685 8.0 1.0
160390.0 0.00201 0.00267 0.00204 0.0453 0.00201 15.19 1.12357 0.0 549.185 8.0 1.0
160390.0 0.00276 0.00347 0.0028 0.045 0.00276 16.71 1.11234 0.0 533.235 8.0 1.0
160390.0 0.00411 0.0049 0.00419 0.0462 0.00411 18.38 1.10121 0.0 515.69 8.0 1.0
160390.0 0.00667 0.00707 0.0068 0.0484 0.00667 20.22 1.0902 0.0 496.39 8.0 1.0
160390.0 0.0107 0.00966 0.0108 0.0485 0.0107 22.24 1.0793 0.0 475.16 8.0 1.0
160390.0 0.0143 0.0117 0.0142 0.0467 0.0143 24.46 1.06851 0.0 451.81 8.0 1.0
160390.0 0.0146 0.0121 0.0142 0.0451 0.0146 26.91 1.05782 0.0 426.125 8.0 1.0
160390.0 0.0116 0.0109 0.0113 0.0448 0.0116 29.6 1.04724 0.0 397.87 8.0 1.0
160390.0 0.00783 0.00897 0.00767 0.0451 0.00783 32.56 1.03677 0.0 366.79 8.0 1.0
160390.0 0.00499 0.00705 0.00502 0.0446 0.00499 35.82 1.0264 0.0 332.6 8.0 1.0
160390.0 0.00351 0.00548 0.00367 0.0428 0.00351 39.4 1.01614 0.0 294.99 8.0 1.0
160390.0 0.00297 0.00429 0.00323 0.0407 0.00297 43.34 1.00598 0.0 253.62 8.0 1.0
160390.0 0.00294 0.0034 0.00326 0.0405 0.00294 47.67 0.995917 0.0 208.115 8.0 1.0
160390.0 0.00299 0.00272 0.00325 0.0438 0.00299 52.44 0.985958 0.0 158.06 9.0 1.0
160390.0 0.00267 0.00218 0.00277 0.0503 0.00267 57.68 0.976098 0.0 103.0 9.0 1.0
160390.0 0.00217 0.00176 0.00212 0.0561 0.00217 57.68 0.966337 0.0 45.32 9.0 1.0
160478.0 0.000247 0.000312 0.000325 0.000647 0.000247 4.0 3.86865 0.0 758.51 8.0 1.0
160478.0 0.000259 0.00041 0.000336 0.000896 0.000259 4.4 3.82997 0.0 754.31 8.0 1.0
160478.0 0.000306 0.000554 0.000387 0.00157 0.000306 4.84 3.79167 0.0 749.69 8.0 1.0
160478.0 0.000414 0.000772 0.000497 0.00307 0.000414 5.32 3.75375 0.0 744.61 8.0 1.0
160478.0 0.000655 0.0011 0.000735 0.00612 0.000655 5.86 3.71621 0.0 739.02 8.0 1.0
160478.0 0.00117 0.00158 0.00122 0.0106 0.00117 6.44 3.67905 0.0 732.87 8.0 1.0
160478.0 0.00215 0.00224 0.00211 0.0147 0.00215 7.09 3.64226 0.0 726.105 8.0 1.0
160478.0 0.00357 0.00306 0.00339 0.0167 0.00357 7.79 3.60584 0.0 718.665 8.0 1.0
160478.0 0.00501 0.00394 0.00475 0.0181 0.00501 8.57 3.56978 0.0 710.485 8.0 1.0
160478.0 0.00586 0.00462 0.00565 0.0218 0.00586 9.43 3.53408 0.0 701.485 8.0 1.0
160478.0 0.00543 0.00482 0.00541 0.0311 0.00543 10.37 3.49874 0.0 691.585 8.0 1.0
160478.0 0.00399 0.00446 0.00414 0.0476 0.00399 11.41 3.46375 0.0 680.695 8.0 1.0
160478.0 0.00273 0.00376 0.0029 0.0666 0.00273 12.55 3.42912 0.0 668.715 8.0 1.0
160478.0 0.0021 0.00303 0.00222 0.074 0.0021 13.81 3.39482 0.0 655.535 8.0 1.0
160478.0 0.00201 0.00247 0.00207 0.0655 0.00201 15.19 3.36088 0.0 641.035 8.0 1.0
160478.0 0.0023 0.00213 0.00229 0.0531 0.0023 16.71 3.32727 0.0 625.085 8.0 1.0
160478.0 0.00273 0.00201 0.00265 0.0449 0.00273 18.38 3.29399 0.0 607.54 8.0 1.0
160478.0 0.00279 0.00212 0.00272 0.0416 0.00279 20.22 3.26105 0.0 588.24 8.0 1.0
160478.0 0.00251 0.00248 0.00248 0.0421 0.00251 22.24 3.22844 0.0 567.01 8.0 1.0
160478.0 0.00247 0.0032 0.0025 0.0453 0.00247 24.46 3.19616 0.0 543.66 8.0 1.0
160478.0 0.00329 0.00439 0.00336 0.0495 0.00329 26.91 3.1642 0.0 517.975 8.0 1.0
160478.0 0.00567 0.00604 0.00576 0.0528 0.00567 29.6 3.13256 0.0 489.72 8.0 1.0
160478.0 0.00916 0.0078 0.00914 0.0532 0.00916 32.56 3.10123 0.0 458.64 8.0 1.0
160478.0 0.0104 0.00894 0.0102 0.0501 0.0104 35.82 3.07022 0.0 424.45 8.0 1.0
160478.0 0.00941 0.00891 0.00918 0.0452 0.00941 39.4 3.03952 0.0 386.84 8.0 1.0
160478.0 0.00757 0.00784 0.00753 0.0407 0.00757 43.34 3.00912 0.0 345.47 8.0 1.0
160478.0 0.00542 0.00625 0.00562 0.0389 0.00542 47.67 2.97903 0.0 299.965 8.0 1.0
160478.0 0.00374 0.00459 0.00404 0.0409 0.00374 52.44 2.94924 0.0 249.91 8.0 1.0
160478.0 0.00272 0.00313 0.0029 0.0471 0.00272 57.68 2.91975 0.0 194.85 9.0 1.0
160478.0 0.00189 0.00203 0.00186 0.0565 0.00189 57.68 2.89055 0.0 137.17 9.0 1.0
160937.0 0.00107 0.00103 0.0011 0.00168 0.00107 4.0 4.1457 0.0 685.06 8.0 1.0
160937.0 0.00145 0.00142 0.00147 0.0027 0.00145 4.4 4.10425 0.0 680.86 8.0 1.0
160937.0 0.00193 0.00191 0.00195 0.00457 0.00193 4.84 4.0632 0.0 676.24 8.0 1.0
160937.0 0.00263 0.00256 0.00263 0.00865 0.00263 5.32 4.02257 0.0 671.16 8.0 1.0
160937.0 0.00353 0.00347 0.00351 0.0162 0.00353 5.86 3.98235 0.0 665.57 8.0 1.0
160937.0 0.00448 0.00473 0.00445 0.0246 0.00448 6.44 3.94252 0.0 659.42 8.0 1.0
160937.0 0.00555 0.00647 0.00555 0.03 0.00555 7.09 3.9031 0.0 652.655 8.0 1.0
160937.0 0.00736 0.00871 0.0074 0.0332 0.00736 7.79 3.86407 0.0 645.215 8.0 1.0
160937.0 0.0108 0.0112 0.0108 0.0375 0.0108 8.57 3.82543 0.0 637.035 8.0 1.0
160937.0 0.0158 0.0132 0.0157 0.0425 0.0158 9.43 3.78717 0.0 628.035 8.0 1.0
160937.0 0.0186 0.0141 0.0184 0.0468 0.0186 10.37 3.7493 0.0 618.135 8.0 1.0
160937.0 0.0157 0.0138 0.0155 0.0506 0.0157 11.41 3.71181 0.0 607.245 8.0 1.0
160937.0 0.0112 0.0131 0.0112 0.0546 0.0112 12.55 3.67469 0.0 595.265 8.0 1.0
160937.0 0.0091 0.013 0.00921 0.0578 0.0091 13.81 3.63794 0.0 582.085 8.0 1.0
160937.0 0.00973 0.014 0.00994 0.0585 0.00973 15.19 3.60156 0.0 567.585 8.0 1.0
160937.0 0.013 0.0164 0.0133 0.0562 0.013 16.71 3.56555 0.0 551.635 8.0 1.0
160937.0 0.0189 0.0201 0.0193 0.0515 0.0189 18.38 3.52989 0.0 534.09 8.0 1.0
160937.0 0.0275 0.024 0.0276 0.0458 0.0275 20.22 3.49459 0.0 514.79 8.0 1.0
160937.0 0.036 0.0258 0.0351 0.0402 0.036 22.24 3.45965 0.0 493.56 8.0 1.0
160937.0 0.0333 0.0235 0.0319 0.0361 0.0333 24.46 3.42505 0.0 470.21 8.0 1.0
160937.0 0.0167 0.0178 0.0168 0.0344 0.0167 26.91 3.3908 0.0 444.525 8.0 1.0
160937.0 0.00585 0.0117 0.00645 0.0357 0.00585 29.6 3.35689 0.0 416.27 8.0 1.0
160937.0 0.00226 0.00715 0.00273 0.0411 0.00226 32.56 3.32332 0.0 385.19 8.0 1.0
160937.0 0.00113 0.00442 0.00147 0.0515 0.00113 35.82 3.29009 0.0 351.0 8.0 1.0
160937.0 0.000688 0.003 0.00094 0.0654 0.000688 39.4 3.25719 0.0 313.39 8.0 1.0
160937.0 0.000458 0.00241 0.000653 0.0753 0.000458 43.34 3.22462 0.0 272.02 8.0 1.0
160937.0 0.000359 0.00243 0.000516 0.073 0.000359 47.67 3.19237 0.0 226.515 9.0 1.0
160937.0 0.000423 0.00322 0.000575 0.0608 0.000423 52.44 3.16045 0.0 176.46 9.0 1.0
160937.0 0.00127 0.00562 0.0015 0.0462 0.00127 57.68 3.12884 0.0 121.4 9.0 1.0
160937.0 0.0186 0.0119 0.0182 0.0328 0.0186 57.68 3.09755 0.0 63.72 9.0 1.0
161109.0 0.00105 0.000994 0.00103 0.00194 0.00105 4.0 1.61271 0.000521859 728.7 8.0 1.0
161109.0 0.00126 0.00116 0.00124 0.00311 0.00126 4.4 1.59658 0.000521859 724.5 8.0 1.0
161109.0 0.00138 0.00136 0.00136 0.00442 0.00138 4.84 1.58062 0.000521859 719.88 8.0 1.0
161109.0 0.0017 0.00166 0.00168 0.0076 0.0017 5.32 1.56481 0.000521859 714.8 8.0 1.0
161109.0 0.00207 0.00211 0.00206 0.0106 0.00207 5.86 1.54916 0.000521859 709.21 8.0 1.0
161109.0 0.0026 0.00279 0.00262 0.0149 0.0026 6.44 1.53367 0.000521859 703.06 8.0 1.0
161109.0 0.00339 0.00382 0.00344 0.0199 0.00339 7.09 1.51833 0.000521859 696.295 8.0 1.0
161109.0 0.00475 0.00539 0.00483 0.0249 0.00475 7.79 1.50315 0.000521859 688.855 8.0 1.0
161109.0 0.00699 0.00753 0.00708 0.0297 0.00699 8.57 1.48812 0.000521859 680.675 8.0 1.0
161109.0 0.0103 0.0099 0.0104 0.0344 0.0103 9.43 1.47324 0.000521859 671.675 8.0 1.0
161109.0 0.0137 0.0115 0.0135 0.0391 0.0137 10.37 1.45851 0.000521859 661.775 8.0 1.0
161109.0 0.0143 0.0116 0.014 0.0431 0.0143 11.41 1.44392 0.000521859 650.885 8.0 1.0
161109.0 0.0107 0.0103 0.0105 0.043 0.0107 12.55 1.42948 0.000521859 638.905 8.0 1.0
161109.0 0.00676 0.00868 0.0068 0.0403 0.00676 13.81 1.41519 0.000521859 625.725 8.0 1.0
161109.0 0.00492 0.00758 0.00507 0.0407 0.00492 15.19 1.40104 0.000521859 611.225 8.0 1.0
161109.0 0.00468 0.00719 0.0049 0.0453 0.00468 16.71 1.38702 0.000521859 595.275 8.0 1.0
161109.0 0.00582 0.00746 0.00608 0.0513 0.00582 18.38 1.37315 0.000521859 577.73 8.0 1.0
161109.0 0.00862 0.00823 0.00879 0.0535 0.00862 20.22 1.35942 0.000521859 558.43 8.0 1.0
161109.0 0.0126 0.00924 0.0124 0.0511 0.0126 22.24 1.34583 0.000521859 537.2 8.0 1.0
161109.0 0.0145 0.01 0.0141 0.0478 0.0145 24.46 1.33237 0.000521859 513.85 8.0 1.0
161109.0 0.0117 0.0101 0.0115 0.0462 0.0117 26.91 1.31905 0.000521859 488.165 8.0 1.0
161109.0 0.0075 0.00935 0.00756 0.0451 0.0075 29.6 1.30586 0.000521859 459.91 8.0 1.0
161109.0 0.00485 0.00784 0.00498 0.0425 0.00485 32.56 1.2928 0.000521859 428.83 8.0 1.0
161109.0 0.00385 0.00605 0.00392 0.038 0.00385 35.82 1.27987 0.000521859 394.64 8.0 1.0
161109.0 0.00382 0.00436 0.00379 0.0338 0.00382 39.4 1.26707 0.000521859 357.03 8.0 1.0
161109.0 0.00404 0.00297 0.00396 0.0325 0.00404 43.34 1.2544 0.000521859 315.66 8.0 1.0
161109.0 0.00338 0.00193 0.0034 0.0366 0.00338 47.67 1.24186 0.000521859 270.155 8.0 1.0
161109.0 0.00175 0.00121 0.00189 0.0501 0.00175 52.44 1.22944 0.000521859 220.1 8.0 1.0
161109.0 0.000638 0.000745 0.000724 0.0793 0.000638 57.68 1.21714 0.000521859 165.04 8.0 1.0
161109.0 0.000283 0.000458 0.000325 0.118 0.000283 57.68 1.20497 0.000521859 107.36 8.0 1.0
161608.0 0.00413 0.0126 0.00516 0.0103 0.00413 4.0 3.30148 0.021054 650.22 4.0 1.0
161608.0 0.00827 0.0189 0.0096 0.0227 0.00827 4.4 3.26847 0.021054 646.02 4.0 1.0
161608.0 0.0234 0.028 0.0242 0.0577 0.0234 4.84 3.23578 0.021054 641.4 8.0 1.0
161608.0 0.058 0.0383 0.055 0.0917 0.058 5.32 3.20342 0.021054 636.32 8.0 1.0
161608.0 0.0787 0.0462 0.0747 0.0734 0.0787 5.86 3.17139 0.021054 630.73 8.0 1.0
161608.0 0.0571 0.0478 0.0566 0.0416 0.0571 6.44 3.13968 0.021054 624.58 8.0 1.0
161608.0 0.0291 0.0436 0.0309 0.0267 0.0291 7.09 3.10828 0.021054 617.815 8.0 1.0
161608.0 0.0148 0.037 0.0171 0.0252 0.0148 7.79 3.0772 0.021054 610.375 8.0 1.0
161608.0 0.0102 0.0309 0.0125 0.035 0.0102 8.57 3.04642 0.021054 602.195 8.0 1.0
161608.0 0.0114 0.0262 0.0137 0.0561 0.0114 9.43 3.01596 0.021054 593.195 8.0 1.0
161608.0 0.0193 0.023 0.0209 0.0729 0.0193 10.37 2.9858 0.021054 583.295 8.0 1.0
161608.0 0.0372 0.0209 0.035 0.0634 0.0372 11.41 2.95594 0.021054 572.405 8.0 1.0
161608.0 0.0527 0.0196 0.0452 0.0427 0.0527 12.55 2.92638 0.021054 560.425 8.0 1.0
161608.0 0.0397 0.0189 0.036 0.0296 0.0397 13.81 2.89712 0.021054 547.245 8.0 1.0
161608.0 0.0194 0.0186 0.0208 0.0258 0.0194 15.19 2.86815 0.021054 532.745 8.0 1.0
161608.0 0.0091 0.0189 0.0119 0.0301 0.0091 16.71 2.83947 0.021054 516.795 8.0 1.0
161608.0 0.00547 0.0196 0.00823 0.0435 0.00547 18.38 2.81107 0.021054 499.25 8.0 1.0
161608.0 0.0049 0.0209 0.00767 0.065 0.0049 20.22 2.78296 0.021054 479.95 8.0 1.0
161608.0 0.00684 0.0223 0.00982 0.0796 0.00684 22.24 2.75513 0.021054 458.72 8.0 1.0
161608.0 0.0137 0.0234 0.0162 0.0706 0.0137 24.46 2.72758 0.021054 435.37 8.0 1.0
161608.0 0.0304 0.0235 0.0282 0.0495 0.0304 26.91 2.7003 0.021054 409.685 8.0 1.0
161608.0 0.0461 0.0218 0.0375 0.0339 0.0461 29.6 2.6733 0.021054 381.43 8.0 1.0
161608.0 0.0339 0.0183 0.0304 0.0269 0.0339 32.56 2.64657 0.021054 350.35 8.0 1.0
161608.0 0.0133 0.0139 0.0156 0.0263 0.0133 35.82 2.6201 0.021054 316.16 9.0 1.0
161608.0 0.00401 0.00956 0.00628 0.0302 0.00401 39.4 2.5939 0.021054 278.55 9.0 1.0
161608.0 0.00147 0.00607 0.00278 0.0371 0.00147 43.34 2.56796 0.021054 237.18 9.0 1.0
161608.0 0.000781 0.0036 0.00158 0.0438 0.000781 47.67 2.54228 0.021054 191.675 9.0 1.0
161608.0 0.000551 0.00203 0.00105 0.0461 0.000551 52.44 2.51686 0.021054 141.62 9.0 1.0
161608.0 0.000408 0.0011 0.000643 0.0432 0.000408 57.68 2.49169 0.021054 86.56 9.0 1.0
161608.0 0.00026 0.000579 0.000303 0.0398 0.00026 57.68 2.46677 0.021054 28.88 9.0 1.0
162814.0 0.00239 0.00204 0.00248 0.00731 0.00239 4.0 1.74433 0.0 705.58 2.0 2.0
162814.0 0.00283 0.00263 0.00289 0.00722 0.00283 4.4 1.72689 0.0 701.38 2.0 2.0
162814.0 0.00349 0.00356 0.00351 0.00891 0.00349 4.84 1.70962 0.0 696.76 2.0 2.0
162814.0 0.00506 0.00502 0.00503 0.0139 0.00506 5.32 1.69252 0.0 691.68 2.0 2.0
162814.0 0.00699 0.0071 0.00689 0.0217 0.00699 5.86 1.6756 0.0 686.09 2.0 2.0
162814.0 0.00878 0.00974 0.00867 0.0291 0.00878 6.44 1.65884 0.0 679.94 1.0 2.0
162814.0 0.011 0.0127 0.011 0.0334 0.011 7.09 1.64225 0.0 673.175 1.0 2.0
162814.0 0.0148 0.0154 0.0149 0.0358 0.0148 7.79 1.62583 0.0 665.735 1.0 2.0
162814.0 0.0198 0.0174 0.0198 0.0381 0.0198 8.57 1.60957 0.0 657.555 1.0 2.0
162814.0 0.0224 0.0182 0.0224 0.0405 0.0224 9.43 1.59348 0.0 648.555 1.0 2.0
162814.0 0.0198 0.018 0.0199 0.0428 0.0198 10.37 1.57754 0.0 638.655 1.0 2.0
162814.0 0.0147 0.0173 0.0149 0.0455 0.0147 11.41 1.56177 0.0 627.765 1.0 2.0
162814.0 0.0115 0.0166 0.0116 0.0478 0.0115 12.55 1.54615 0.0 615.785 1.0 2.0
162814.0 0.0113 0.0161 0.0113 0.0479 0.0113 13.81 1.53069 0.0 602.605 1.0 2.0
162814.0 0.0146 0.016 0.0143 0.0453 0.0146 15.19 1.51538 0.0 588.105 1.0 2.0
162814.0 0.0209 0.016 0.0204 0.0416 0.0209 16.71 1.50023 0.0 572.155 1.0 2.0
162814.0 0.0249 0.0159 0.025 0.0391 0.0249 18.38 1.48522 0.0 554.61 1.0 2.0
162814.0 0.0212 0.0156 0.0222 0.0395 0.0212 20.22 1.47037 0.0 535.31 1.0 2.0
162814.0 0.0142 0.0151 0.0152 0.0435 0.0142 22.24 1.45567 0.0 514.08 1.0 2.0
162814.0 0.00923 0.0144 0.00946 0.0504 0.00922 24.46 1.44111 0.0 490.73 1.0 2.0
162814.0 0.00693 0.0137 0.00649 0.0567 0.00693 26.91 1.4267 0.0 465.045 1.0 2.0
162814.0 0.00657 0.0128 0.00562 0.0574 0.00657 29.6 1.41243 0.0 436.79 1.0 2.0
162814.0 0.0078 0.0117 0.00641 0.0509 0.0078 32.56 1.39831 0.0 405.71 1.0 2.0
162814.0 0.0106 0.0103 0.00907 0.0417 0.0106 35.82 1.38433 0.0 371.52 1.0 2.0
162814.0 0.0137 0.00876 0.0132 0.0344 0.0137 39.4 1.37048 0.0 333.91 1.0 2.0
162814.0 0.0138 0.00709 0.0153 0.0311 0.0138 43.34 1.35678 0.0 292.54 1.0 2.0
162814.0 0.00998 0.00549 0.0118 0.0319 0.00998 47.67 1.34321 0.0 247.035 1.0 2.0
162814.0 0.00566 0.00408 0.00647 0.0367 0.00566 52.44 1.32978 0.0 196.98 1.0 2.0
162814.0 0.00283 0.00294 0.00289 0.0445 0.00283 57.68 1.31648 0.0 141.92 1.0 2.0
162814.0 0.00135 0.00209 0.00124 0.0513 0.00135 57.68 1.30332 0.0 84.24 1.0 2.0
163371.0 6.87e-05 0.000108 0.000113 0.000929 6.87e-05 4.0 1.01838 0.0 677.63 4.0 2.0
163371.0 7.32e-05 0.00014 0.00012 0.00151 7.32e-05 4.4 1.0082 0.0 673.43 1.0 2.0
163371.0 8.55e-05 0.000186 0.000138 0.00294 8.55e-05 4.84 0.998117 0.0 668.81 1.0 2.0
163371.0 0.000112 0.000252 0.000175 0.00398 0.000112 5.32 0.988136 0.0 663.73 1.0 2.0
163371.0 0.000165 0.000349 0.000237 0.00291 0.000165 5.86 0.978255 0.0 658.14 1.0 2.0
163371.0 0.000265 0.000487 0.000335 0.00155 0.000265 6.44 0.968472 0.0 651.99 1.0 2.0
163371.0 0.000444 0.000679 0.00048 0.00112 0.000444 7.09 0.958788 0.0 645.225 1.0 2.0
163371.0 0.000734 0.000932 0.000686 0.00166 0.000734 7.79 0.9492 0.0 637.785 1.0 2.0
163371.0 0.00118 0.00123 0.00102 0.0045 0.00118 8.57 0.939708 0.0 629.605 1.0 2.0
163371.0 0.00192 0.0015 0.00167 0.0246 0.00192 9.43 0.930311 0.0 620.605 1.0 2.0
163371.0 0.0028 0.00158 0.00254 0.24 0.0028 10.37 0.921008 0.0 610.705 1.0 2.0
163371.0 0.00195 0.00138 0.00206 0.519 0.00195 11.41 0.911797 0.0 599.815 1.0 2.0
163371.0 0.000616 0.000978 0.000778 0.185 0.000616 12.55 0.90268 0.0 587.835 1.0 2.0
163371.0 0.000182 0.000586 0.000254 0.0675 0.000182 13.81 0.893653 0.0 574.655 1.0 2.0
163371.0 7.05e-05 0.000319 0.000104 0.0311 7.05e-05 15.19 0.884716 0.0 560.155 1.0 2.0
163371.0 3.61e-05 0.00017 5.5e-05 0.0225 3.61e-05 16.71 0.875869 0.0 544.205 1.0 2.0
163371.0 2.26e-05 9.29e-05 3.49e-05 0.0247 2.26e-05 18.38 0.86711 0.0 526.66 1.0 2.0
163371.0 1.64e-05 5.39e-05 2.57e-05 0.0341 1.64e-05 20.22 0.858439 0.0 507.36 1.0 2.0
163371.0 1.32e-05 3.37e-05 2.1e-05 0.0506 1.32e-05 22.24 0.849855 0.0 486.13 1.0 2.0
163371.0 1.14e-05 2.26e-05 1.82e-05 0.0732 1.14e-05 24.46 0.841356 0.0 462.78 1.0 2.0
163371.0 1.04e-05 1.62e-05 1.62e-05 0.0926 1.04e-05 26.91 0.832943 0.0 437.095 1.0 2.0
163371.0 9.66e-06 1.22e-05 1.48e-05 0.0897 9.66e-06 29.6 0.824613 0.0 408.84 1.0 2.0
163371.0 9.18e-06 9.58e-06 1.38e-05 0.0643 9.18e-06 32.56 0.816367 0.0 377.76 1.0 2.0
163371.0 8.89e-06 7.73e-06 1.27e-05 0.0381 8.89e-06 35.82 0.808204 0.0 343.57 1.0 2.0
163371.0 8.74e-06 6.33e-06 1.22e-05 0.023 8.74e-06 39.4 0.800121 0.0 305.96 1.0 2.0
163371.0 8.56e-06 5.22e-06 1.29e-05 0.0178 8.56e-06 43.34 0.79212 0.0 264.59 1.0 2.0
163371.0 7.9e-06 4.28e-06 1.33e-05 0.0209 7.9e-06 47.67 0.784199 0.0 219.085 1.0 2.0
163371.0 6.15e-06 3.49e-06 1e-05 0.041 6.15e-06 52.44 0.776357 0.0 169.03 1.0 2.0
163371.0 3.57e-06 2.81e-06 4.37e-06 0.136 3.57e-06 57.68 0.768593 0.0 113.97 1.0 2.0
163371.0 1.53e-06 2.25e-06 9.73e-07 0.656 1.53e-06 57.68 0.760908 0.0 56.29 1.0 2.0
163624.0 7.75e-05 8.59e-05 0.000131 0.000336 7.75e-05 4.0 0.990119 0.0 731.27 1.0 2.0
163624.0 7.66e-05 0.000117 0.000126 0.000475 7.66e-05 4.4 0.980218 0.0 727.07 1.0 2.0
163624.0 7.96e-05 0.000166 0.000125 0.000772 7.96e-05 4.84 0.970415 0.0 722.45 1.0 2.0
163624.0 9.17e-05 0.000245 0.000136 0.00142 9.17e-05 5.32 0.960711 0.0 717.37 1.0 2.0
163624.0 0.000126 0.000378 0.000173 0.00276 0.000126 5.86 0.951104 0.0 711.78 1.0 2.0
163624.0 0.000218 0.000604 0.000272 0.00508 0.000218 6.44 0.941593 0.0 705.63 1.0 2.0
163624.0 0.00049 0.000987 0.000547 0.00832 0.00049 7.09 0.932177 0.0 698.865 1.0 2.0
163624.0 0.00131 0.0016 0.00133 0.0116 0.00131 7.79 0.922855 0.0 691.425 1.0 2.0
163624.0 0.00326 0.00248 0.00311 0.0146 0.00326 8.57 0.913627 0.0 683.245 1.0 2.0
163624.0 0.00548 0.00337 0.00511 0.0204 0.00548 9.43 0.904491 0.0 674.245 1.0 2.0
163624.0 0.00425 0.00367 0.00415 0.0401 0.00425 10.37 0.895446 0.0 664.345 1.0 2.0
163624.0 0.00203 0.00303 0.00218 0.0928 0.00203 11.41 0.886491 0.0 653.455 1.0 2.0
163624.0 0.00122 0.00197 0.00136 0.133 0.00122 12.55 0.877626 0.0 641.475 1.0 2.0
163624.0 0.00103 0.00113 0.00108 0.1 0.00103 13.81 0.86885 0.0 628.295 1.0 2.0
163624.0 0.000726 0.000627 0.000663 0.0623 0.000725 15.19 0.860162 0.0 613.795 1.0 2.0
163624.0 0.000315 0.000359 0.000289 0.0423 0.000315 16.71 0.85156 0.0 597.845 1.0 2.0
163624.0 0.000116 0.000217 0.000133 0.0357 0.000116 18.38 0.843044 0.0 580.3 1.0 2.0
163624.0 5.38e-05 0.000139 8.6e-05 0.0368 5.38e-05 20.22 0.834614 0.0 561.0 1.0 2.0
163624.0 3.82e-05 9.35e-05 7.66e-05 0.0424 3.82e-05 22.24 0.826268 0.0 539.77 1.0 2.0
163624.0 3.92e-05 6.6e-05 7.41e-05 0.052 3.92e-05 24.46 0.818005 0.0 516.42 1.0 2.0
163624.0 4.57e-05 4.85e-05 6.23e-05 0.0651 4.57e-05 26.91 0.809825 0.0 490.735 1.0 2.0
163624.0 4.73e-05 3.67e-05 4.35e-05 0.0759 4.73e-05 29.6 0.801727 0.0 462.48 1.0 2.0
163624.0 4.05e-05 2.83e-05 2.95e-05 0.0717 4.06e-05 32.56 0.79371 0.0 431.4 1.0 2.0
163624.0 3.02e-05 2.21e-05 2.22e-05 0.0512 3.02e-05 35.82 0.785772 0.0 397.21 1.0 2.0
163624.0 2.17e-05 1.72e-05 1.92e-05 0.03 2.17e-05 39.4 0.777915 0.0 359.6 1.0 2.0
163624.0 1.65e-05 1.33e-05 1.85e-05 0.0179 1.65e-05 43.34 0.770136 0.0 318.23 1.0 2.0
163624.0 1.31e-05 1e-05 1.77e-05 0.0138 1.31e-05 47.67 0.762434 0.0 272.725 1.0 2.0
163624.0 9.8e-06 7.45e-06 1.46e-05 0.0173 9.8e-06 52.44 0.75481 0.0 222.67 1.0 2.0
163624.0 5.91e-06 5.41e-06 8.84e-06 0.0403 5.91e-06 57.68 0.747262 0.0 167.61 1.0 2.0
163624.0 2.77e-06 3.87e-06 3.71e-06 0.162 2.77e-06 57.68 0.739789 0.0 109.93 1.0 2.0
164095.0 0.000267 0.000355 0.000321 0.000485 0.000267 4.0 2.94612 0.0 726.93 3.0 2.0
164095.0 0.000297 0.0004 0.000353 0.000694 0.000297 4.4 2.91666 0.0 722.73 3.0 2.0
164096.0 0.000264 0.000346 0.000317 0.000475 0.000264 4.0 2.93129 0.0 727.16 3.0 2.0
164096.0 0.000293 0.00039 0.000348 0.00068 0.000293 4.4 2.90198 0.0 722.96 3.0 2.0
164096.0 0.000349 0.000439 0.000405 0.00106 0.000349 4.84 2.87296 0.0 718.34 2.0 2.0
164096.0 0.000435 0.000496 0.000489 0.00163 0.000435 5.32 2.84423 0.0 713.26 2.0 2.0
164096.0 0.000545 0.000563 0.000589 0.00245 0.000545 5.86 2.81579 0.0 707.67 2.0 2.0
164096.0 0.000653 0.000644 0.000684 0.0036 0.000653 6.44 2.78763 0.0 701.52 2.0 2.0
164102.0 0.000255 0.000303 0.000304 0.000449 0.000255 4.0 2.84584 0.0 731.02 3.0 2.0
164102.0 0.000273 0.000339 0.000324 0.000587 0.000273 4.4 2.81739 0.0 726.82 1.0 2.0
164102.0 0.000308 0.000383 0.00036 0.000895 0.000308 4.84 2.78921 0.0 722.2 1.0 2.0
164102.0 0.000371 0.000439 0.000422 0.00144 0.000371 5.32 2.76132 0.0 717.12 1.0 2.0
164102.0 0.000462 0.00051 0.000509 0.00224 0.000462 5.86 2.73371 0.0 711.53 1.0 2.0
164102.0 0.000571 0.000602 0.000609 0.00336 0.000571 6.44 2.70637 0.0 705.38 1.0 2.0
164102.0 0.000675 0.000721 0.000703 0.0047 0.000675 7.09 2.67931 0.0 698.615 1.0 2.0
164102.0 0.000757 0.000877 0.000782 0.0058 0.000757 7.79 2.65251 0.0 691.175 1.0 2.0
164102.0 0.000845 0.00108 0.000873 0.00606 0.000845 8.57 2.62599 0.0 682.995 1.0 2.0
164102.0 0.00101 0.00132 0.00104 0.00556 0.00101 9.43 2.59973 0.0 673.995 1.0 2.0
164102.0 0.00137 0.00158 0.00136 0.00509 0.00137 10.37 2.57373 0.0 664.095 1.0 2.0
164102.0 0.00206 0.00182 0.00192 0.00551 0.00206 11.41 2.54799 0.0 653.205 1.0 2.0
164102.0 0.00299 0.00193 0.0026 0.008 0.00299 12.55 2.52251 0.0 641.225 1.0 2.0
164102.0 0.00317 0.00184 0.00278 0.0161 0.00317 13.81 2.49729 0.0 628.045 1.0 2.0
164102.0 0.00184 0.00156 0.00189 0.0379 0.00184 15.19 2.47232 0.0 613.545 1.0 2.0
164102.0 0.00069 0.00118 0.000885 0.0708 0.000689 16.71 2.44759 0.0 597.595 1.0 2.0
164102.0 0.000251 0.000799 0.000384 0.0775 0.000251 18.38 2.42312 0.0 580.05 1.0 2.0
164102.0 0.000113 0.000507 0.000193 0.0605 0.000113 20.22 2.39888 0.0 560.75 1.0 2.0
164102.0 6.65e-05 0.000311 0.000118 0.0511 6.65e-05 22.24 2.3749 0.0 539.52 1.0 2.0
164102.0 4.81e-05 0.00019 8.6e-05 0.0582 4.81e-05 24.46 2.35115 0.0 516.17 1.0 2.0
164102.0 4.02e-05 0.000118 7.01e-05 0.0808 4.02e-05 26.91 2.32764 0.0 490.485 1.0 2.0
164102.0 3.66e-05 7.59e-05 6.14e-05 0.0979 3.66e-05 29.6 2.30436 0.0 462.23 1.0 2.0
164102.0 3.5e-05 5.05e-05 5.61e-05 0.0815 3.5e-05 32.56 2.28132 0.0 431.15 1.0 2.0
164102.0 3.41e-05 3.48e-05 5.23e-05 0.0507 3.41e-05 35.82 2.2585 0.0 396.96 1.0 2.0
164102.0 3.29e-05 2.46e-05 4.88e-05 0.0311 3.29e-05 39.4 2.23592 0.0 359.35 1.0 2.0
164102.0 3.02e-05 1.78e-05 4.38e-05 0.0241 3.02e-05 43.34 2.21356 0.0 317.98 1.0 2.0
164102.0 2.5e-05 1.31e-05 3.56e-05 0.0273 2.5e-05 47.67 2.19142 0.0 272.475 1.0 2.0
164102.0 1.75e-05 9.63e-06 2.43e-05 0.0488 1.75e-05 52.44 2.16951 0.0 222.42 1.0 2.0
164102.0 1.01e-05 7.11e-06 1.33e-05 0.134 1.01e-05 57.68 2.14781 0.0 167.36 1.0 2.0
164102.0 5.27e-06 5.25e-06 6.41e-06 0.448 5.27e-06 57.68 2.12634 0.0 109.68 1.0 2.0
164302.0 0.000255 0.000228 0.000302 1.61e-05 0.000255 4.0 1.00807 0.0 866.77 1.0 2.0
164302.0 0.000239 0.000226 0.000299 2.91e-05 0.000239 4.4 0.997987 0.0 862.57 1.0 2.0
164302.0 0.000227 0.000226 0.000296 5.3e-05 0.000227 4.84 0.988007 0.0 857.95 1.0 2.0
164302.0 0.00022 0.000229 0.000293 0.000104 0.00022 5.32 0.978127 0.0 852.87 1.0 2.0
164302.0 0.000216 0.000236 0.00029 0.000226 0.000216 5.86 0.968346 0.0 847.28 1.0 2.0
164302.0 0.000216 0.000246 0.000284 0.000548 0.000216 6.44 0.958662 0.0 841.13 1.0 2.0
164302.0 0.000223 0.000262 0.000278 0.00118 0.000223 7.09 0.949076 0.0 834.365 1.0 2.0
164302.0 0.000237 0.000284 0.000277 0.0023 0.000237 7.79 0.939585 0.0 826.925 1.0 2.0
164302.0 0.000263 0.000315 0.000286 0.00356 0.000263 8.57 0.930189 0.0 818.745 1.0 2.0
164302.0 0.000305 0.000353 0.00031 0.00463 0.000305 9.43 0.920887 0.0 809.745 1.0 2.0
164302.0 0.000367 0.000397 0.000354 0.00631 0.000367 10.37 0.911678 0.0 799.845 1.0 2.0
164302.0 0.000451 0.000443 0.000422 0.0104 0.000452 11.41 0.902561 0.0 788.955 1.0 2.0
164302.0 0.000532 0.000479 0.000496 0.0215 0.000532 12.55 0.893536 0.0 776.975 1.0 2.0
164302.0 0.000565 0.000494 0.00054 0.0465 0.000565 13.81 0.8846 0.0 763.795 1.0 2.0
164302.0 0.000535 0.000482 0.000531 0.0775 0.000535 15.19 0.875754 0.0 749.295 1.0 2.0
164302.0 0.000463 0.000444 0.000471 0.0849 0.000463 16.71 0.866997 0.0 733.345 1.0 2.0
164302.0 0.000386 0.000388 0.00038 0.0707 0.000386 18.38 0.858327 0.0 715.8 1.0 2.0
164302.0 0.00032 0.000322 0.000281 0.0591 0.00032 20.22 0.849744 0.0 696.5 1.0 2.0
164302.0 0.000261 0.000258 0.000191 0.0588 0.000261 22.24 0.841246 0.0 675.27 1.0 2.0
164302.0 0.000205 0.000201 0.000123 0.0642 0.000205 24.46 0.832834 0.0 651.92 1.0 2.0
164302.0 0.000153 0.000153 7.83e-05 0.0638 0.000153 26.91 0.824505 0.0 626.235 1.0 2.0
164302.0 0.000112 0.000115 5.25e-05 0.0558 0.000112 29.6 0.81626 0.0 597.98 1.0 2.0
164302.0 8.24e-05 8.54e-05 3.74e-05 0.0463 8.24e-05 32.56 0.808098 0.0 566.9 1.0 2.0
164302.0 6.08e-05 6.23e-05 2.86e-05 0.038 6.08e-05 35.82 0.800017 0.0 532.71 1.0 2.0
164302.0 4.45e-05 4.46e-05 2.37e-05 0.0319 4.45e-05 39.4 0.792017 0.0 495.1 1.0 2.0
164302.0 3.14e-05 3.13e-05 2.2e-05 0.03 3.14e-05 43.34 0.784096 0.0 453.73 1.0 2.0
164302.0 2.09e-05 2.16e-05 2.43e-05 0.0363 2.09e-05 47.67 0.776255 0.0 408.225 1.0 2.0
164302.0 1.3e-05 1.47e-05 3.36e-05 0.0629 1.3e-05 52.44 0.768493 0.0 358.17 1.0 2.0
164302.0 7.88e-06 1e-05 4.8e-05 0.148 7.88e-06 57.68 0.760808 0.0 303.11 1.0 2.0
164302.0 5.58e-06 6.93e-06 4.2e-05 0.309 5.58e-06 57.68 0.7532 0.0 245.43 1.0 2.0
164927.0 3.05e-05 2.6e-05 4.02e-05 7.81e-10 3.05e-05 4.0 1.19645 0.0 967.15 1.0 2.0
164927.0 3.05e-05 2.67e-05 4.01e-05 1.23e-09 3.05e-05 4.4 1.18449 0.0 962.95 1.0 2.0
164927.0 3.08e-05 2.74e-05 4.06e-05 2.64e-09 3.08e-05 4.84 1.17265 0.0 958.33 1.0 2.0
164927.0 3.17e-05 2.83e-05 4.19e-05 6.08e-09 3.17e-05 5.32 1.16092 0.0 953.25 1.0 2.0
164927.0 3.33e-05 2.94e-05 4.42e-05 1.66e-08 3.33e-05 5.86 1.14931 0.0 947.66 1.0 2.0
164927.0 3.57e-05 3.08e-05 4.73e-05 7.24e-08 3.57e-05 6.44 1.13782 0.0 941.51 1.0 2.0
164927.0 3.86e-05 3.25e-05 5.12e-05 7.67e-07 3.86e-05 7.09 1.12644 0.0 934.745 1.0 2.0
164927.0 4.16e-05 3.48e-05 5.49e-05 1.31e-05 4.16e-05 7.79 1.11517 0.0 927.305 1.0 2.0
164927.0 4.43e-05 3.78e-05 5.8e-05 0.000838 4.43e-05 8.57 1.10402 0.0 919.125 1.0 2.0
164927.0 4.67e-05 4.17e-05 6.04e-05 0.0867 4.67e-05 9.43 1.09298 0.0 910.125 1.0 2.0
164927.0 4.96e-05 4.71e-05 6.29e-05 3.37 4.96e-05 10.37 1.08205 0.0 900.225 1.0 2.0
164927.0 5.32e-05 5.45e-05 6.63e-05 9.3 5.32e-05 11.41 1.07123 0.0 889.335 1.0 2.0
164927.0 5.88e-05 6.47e-05 7.18e-05 0.426 5.88e-05 12.55 1.06052 0.0 877.355 1.0 2.0
164927.0 6.85e-05 7.89e-05 8.25e-05 0.105 6.85e-05 13.81 1.04991 0.0 864.175 1.0 2.0
164927.0 8.27e-05 9.85e-05 9.67e-05 0.0658 8.27e-05 15.19 1.03941 0.0 849.675 1.0 2.0
164927.0 0.000103 0.000126 0.000114 0.0613 0.000103 16.71 1.02902 0.0 833.725 1.0 2.0
164927.0 0.000133 0.000163 0.000135 0.0595 0.000133 18.38 1.01873 0.0 816.18 1.0 2.0
164927.0 0.00018 0.000212 0.000165 0.0444 0.00018 20.22 1.00854 0.0 796.88 1.0 2.0
164927.0 0.000246 0.000275 0.000204 0.0404 0.000246 22.24 0.998458 0.0 775.65 1.0 2.0
164927.0 0.000331 0.000348 0.000255 0.0579 0.000331 24.46 0.988473 0.0 752.3 1.0 2.0
164927.0 0.00044 0.000416 0.000339 0.0796 0.00044 26.91 0.978588 0.0 726.615 1.0 2.0
164927.0 0.000562 0.000455 0.000475 0.0906 0.000562 29.6 0.968803 0.0 698.36 1.0 2.0
164927.0 0.000582 0.000439 0.000609 0.108 0.000582 32.56 0.959115 0.0 667.28 1.0 2.0
164927.0 0.000415 0.000366 0.000597 0.126 0.000415 35.82 0.949523 0.0 633.09 1.0 2.0
164927.0 0.000225 0.000264 0.000425 0.112 0.000225 39.4 0.940028 0.0 595.48 1.0 2.0
164927.0 0.000114 0.000169 0.00024 0.0831 0.000114 43.34 0.930628 0.0 554.11 1.0 2.0
164927.0 6.06e-05 9.86e-05 0.000122 0.0734 6.06e-05 47.67 0.921322 0.0 508.605 1.0 2.0
164927.0 3.27e-05 5.4e-05 5.8e-05 0.104 3.27e-05 52.44 0.912108 0.0 458.55 1.0 2.0
164927.0 1.67e-05 2.84e-05 2.46e-05 0.244 1.67e-05 57.68 0.902987 0.0 403.49 1.0 2.0
164927.0 7.82e-06 1.46e-05 9.42e-06 0.601 7.82e-06 57.68 0.893957 0.0 345.81 1.0 2.0
166031.0 0.0086 0.0127 0.00868 0.0149 0.0086 4.0 3.71398 0.0255104 709.29 7.0 2.0
166031.0 0.0103 0.0196 0.0106 0.0245 0.0103 4.4 3.67684 0.0255104 705.09 7.0 2.0
166031.0 0.0181 0.0296 0.0189 0.0508 0.0181 4.84 3.64007 0.0255104 700.47 7.0 2.0
166031.0 0.0431 0.0408 0.0446 0.0846 0.0431 5.32 3.60367 0.0255104 695.39 7.0 2.0
166031.0 0.0881 0.0476 0.0871 0.0787 0.0881 5.86 3.56763 0.0255104 689.8 7.0 2.0
166031.0 0.0831 0.0457 0.0773 0.049 0.0831 6.44 3.53195 0.0255104 683.65 7.0 2.0
166031.0 0.0326 0.038 0.0315 0.0304 0.0326 7.09 3.49663 0.0255104 676.885 7.0 2.0
166031.0 0.00825 0.03 0.00945 0.0238 0.00825 7.79 3.46167 0.0255104 669.445 7.0 2.0
166031.0 0.00247 0.0245 0.00349 0.0247 0.00247 8.57 3.42705 0.0255104 661.265 3.0 2.0
166031.0 0.00135 0.0217 0.00226 0.0317 0.00135 9.43 3.39278 0.0255104 652.265 3.0 2.0
166031.0 0.00171 0.0208 0.00304 0.0436 0.00171 10.37 3.35885 0.0255104 642.365 3.0 2.0
166031.0 0.00526 0.0209 0.0086 0.0537 0.00525 11.41 3.32526 0.0255104 631.475 3.0 2.0
166031.0 0.0283 0.0208 0.0361 0.0529 0.0283 12.55 3.29201 0.0255104 619.495 2.0 2.0
166031.0 0.0773 0.0192 0.0685 0.0432 0.0773 13.81 3.25909 0.0255104 606.315 2.0 2.0
166031.0 0.0241 0.0159 0.0205 0.0334 0.0241 15.19 3.2265 0.0255104 591.815 2.0 2.0
166031.0 0.00345 0.0116 0.00363 0.028 0.00345 16.71 3.19424 0.0255104 575.865 1.0 2.0
166031.0 0.000657 0.00763 0.000931 0.0266 0.000658 18.38 3.16229 0.0255104 558.32 1.0 2.0
166031.0 0.000228 0.0047 0.000423 0.0284 0.000228 20.22 3.13067 0.0255104 539.02 1.0 2.0
166031.0 0.000133 0.00283 0.000296 0.0322 0.000132 22.24 3.09936 0.0255104 517.79 1.0 2.0
166031.0 0.000108 0.00173 0.000264 0.0373 0.000108 24.46 3.06837 0.0255104 494.44 1.0 2.0
166031.0 0.000104 0.00112 0.000259 0.0432 0.000104 26.91 3.03769 0.0255104 468.755 1.0 2.0
166031.0 0.000107 0.000773 0.000259 0.0494 0.000107 29.6 3.00731 0.0255104 440.5 1.0 2.0
166031.0 0.00011 0.000586 0.000258 0.0554 0.00011 32.56 2.97724 0.0255104 409.42 1.0 2.0
166031.0 0.000111 0.000491 0.000255 0.0582 0.000111 35.82 2.94746 0.0255104 375.23 1.0 2.0
166031.0 0.000111 0.000452 0.000253 0.0539 0.000111 39.4 2.91799 0.0255104 337.62 1.0 2.0
166031.0 0.000118 0.000455 0.000259 0.0448 0.000118 43.34 2.88881 0.0255104 296.25 1.0 2.0
166031.0 0.000145 0.000491 0.000294 0.0372 0.000145 47.67 2.85992 0.0255104 250.745 1.0 2.0
166031.0 0.000238 0.000557 0.000411 0.0352 0.000238 52.44 2.83132 0.0255104 200.69 1.0 2.0
166031.0 0.00055 0.000642 0.000738 0.0418 0.00055 57.68 2.80301 0.0255104 145.63 1.0 2.0
166031.0 0.00128 0.000734 0.00124 0.0611 0.00128 57.68 2.77498 0.0255104 87.95 1.0 2.0
166438.0 0.000117 0.000103 0.000153 2.37e-08 0.000117 4.0 2.01329 0.0 749.19 2.0 2.0
166438.0 0.000133 0.000117 0.000177 1.05e-07 0.000133 4.4 1.99316 0.0 744.99 2.0 2.0
166438.0 0.00015 0.000134 0.000204 6.09e-07 0.00015 4.84 1.97323 0.0 740.37 2.0 2.0
166438.0 0.000165 0.000154 0.000226 4.18e-06 0.000165 5.32 1.9535 0.0 735.29 2.0 2.0
166438.0 0.000177 0.000179 0.00024 3.35e-05 0.000177 5.86 1.93396 0.0 729.7 1.0 2.0
166438.0 0.000187 0.000208 0.000248 0.000276 0.000187 6.44 1.91462 0.0 723.55 1.0 2.0
166438.0 0.000202 0.000244 0.000254 0.00161 0.000202 7.09 1.89548 0.0 716.785 1.0 2.0
166438.0 0.000229 0.000287 0.000266 0.00514 0.000229 7.79 1.87652 0.0 709.345 1.0 2.0
166438.0 0.000277 0.000339 0.000292 0.00984 0.000277 8.57 1.85776 0.0 701.165 1.0 2.0
166438.0 0.000355 0.0004 0.000339 0.0185 0.000355 9.43 1.83918 0.0 692.165 1.0 2.0
166438.0 0.000461 0.00047 0.000407 0.0631 0.000461 10.37 1.82079 0.0 682.265 1.0 2.0
166438.0 0.000582 0.000545 0.000493 0.188 0.000582 11.41 1.80258 0.0 671.375 1.0 2.0
166438.0 0.000688 0.000621 0.000585 0.192 0.000688 12.55 1.78455 0.0 659.395 1.0 2.0
166438.0 0.000759 0.00069 0.000669 0.096 0.000759 13.81 1.76671 0.0 646.215 1.0 2.0
166438.0 0.00079 0.000741 0.000733 0.0446 0.00079 15.19 1.74904 0.0 631.715 1.0 2.0
166438.0 0.000785 0.000764 0.00077 0.0283 0.000785 16.71 1.73155 0.0 615.765 1.0 2.0
166438.0 0.000749 0.00075 0.000772 0.0272 0.000749 18.38 1.71423 0.0 598.22 1.0 2.0
166438.0 0.000685 0.000697 0.000731 0.0352 0.000685 20.22 1.69709 0.0 578.92 1.0 2.0
166438.0 0.000596 0.000613 0.000641 0.0497 0.000596 22.24 1.68012 0.0 557.69 1.0 2.0
166438.0 0.000489 0.000509 0.000516 0.0654 0.000489 24.46 1.66332 0.0 534.34 1.0 2.0
166438.0 0.00038 0.000403 0.000386 0.0754 0.00038 26.91 1.64669 0.0 508.655 1.0 2.0
166438.0 0.000283 0.000306 0.00028 0.0761 0.000284 29.6 1.63022 0.0 480.4 1.0 2.0
166438.0 0.00021 0.000225 0.000205 0.067 0.00021 32.56 1.61392 0.0 449.32 1.0 2.0
166438.0 0.000159 0.00016 0.000157 0.0519 0.000159 35.82 1.59778 0.0 415.13 1.0 2.0
166438.0 0.000122 0.000112 0.000126 0.0379 0.000122 39.4 1.5818 0.0 377.52 1.0 2.0
166438.0 9.29e-05 7.58e-05 0.000103 0.0295 9.29e-05 43.34 1.56598 0.0 336.15 1.0 2.0
166438.0 6.52e-05 5.03e-05 7.91e-05 0.0278 6.52e-05 47.67 1.55032 0.0 290.645 1.0 2.0
166438.0 3.93e-05 3.27e-05 5.11e-05 0.0341 3.92e-05 52.44 1.53482 0.0 240.59 1.0 2.0
166438.0 1.93e-05 2.09e-05 2.51e-05 0.0526 1.93e-05 57.68 1.51947 0.0 185.53 1.0 2.0
166438.0 8.77e-06 1.32e-05 1.06e-05 0.0835 8.77e-06 57.68 1.50428 0.0 127.85 1.0 2.0
171984.0 0.000683 0.00105 0.00076 0.00531 0.000683 4.0 1.68845 0.0 755.08 2.0 2.0
171984.0 0.000901 0.00143 0.000979 0.00618 0.000902 4.4 1.67157 0.0 750.88 1.0 2.0
171984.0 0.00142 0.00203 0.00148 0.00842 0.00142 4.84 1.65485 0.0 746.26 1.0 2.0
171984.0 0.00232 0.00293 0.00235 0.0104 0.00232 5.32 1.63831 0.0 741.18 1.0 2.0
171984.0 0.00368 0.00417 0.00368 0.0113 0.00368 5.86 1.62192 0.0 735.59 1.0 2.0
171984.0 0.0057 0.00569 0.00566 0.0115 0.0057 6.44 1.6057 0.0 729.44 1.0 2.0
171984.0 0.00792 0.00719 0.00789 0.0109 0.00792 7.09 1.58965 0.0 722.675 1.0 2.0
171984.0 0.00932 0.00812 0.00932 0.0101 0.00932 7.79 1.57375 0.0 715.235 1.0 2.0
171984.0 0.00912 0.00792 0.00909 0.00999 0.00912 8.57 1.55801 0.0 707.055 1.0 2.0
171984.0 0.00752 0.00665 0.00743 0.0111 0.00752 9.43 1.54243 0.0 698.055 1.0 2.0
171984.0 0.0047 0.00485 0.00461 0.0125 0.0047 10.37 1.52701 0.0 688.155 1.0 2.0
171984.0 0.00242 0.00319 0.00237 0.0142 0.00242 11.41 1.51174 0.0 677.265 1.0 2.0
171984.0 0.00155 0.00202 0.0015 0.0192 0.00155 12.55 1.49662 0.0 665.285 1.0 2.0
171984.0 0.00113 0.00128 0.00109 0.0268 0.00113 13.81 1.48165 0.0 652.105 1.0 2.0
171984.0 0.000726 0.000841 0.000717 0.0349 0.000726 15.19 1.46684 0.0 637.605 1.0 2.0
171984.0 0.000442 0.000575 0.000458 0.0423 0.000442 16.71 1.45217 0.0 621.655 1.0 2.0
171984.0 0.000282 0.000411 0.000311 0.0488 0.000282 18.38 1.43765 0.0 604.11 1.0 2.0
171984.0 0.000197 0.000307 0.000233 0.0538 0.000197 20.22 1.42327 0.0 584.81 1.0 2.0
171984.0 0.000153 0.000238 0.000192 0.0551 0.000153 22.24 1.40904 0.0 563.58 1.0 2.0
171984.0 0.000133 0.000193 0.000175 0.0536 0.000133 24.46 1.39495 0.0 540.23 1.0 2.0
171984.0 0.00013 0.000162 0.000174 0.054 0.00013 26.91 1.381 0.0 514.545 1.0 2.0
171984.0 0.000139 0.000142 0.000183 0.0585 0.000139 29.6 1.36719 0.0 486.29 1.0 2.0
171984.0 0.000156 0.000127 0.000195 0.0631 0.000156 32.56 1.35352 0.0 455.21 1.0 2.0
171984.0 0.00017 0.000118 0.000196 0.0604 0.00017 35.82 1.33998 0.0 421.02 1.0 2.0
171984.0 0.000168 0.00011 0.000182 0.0502 0.000168 39.4 1.32658 0.0 383.41 1.0 2.0
171984.0 0.00015 0.000103 0.00016 0.041 0.00015 43.34 1.31332 0.0 342.04 1.0 2.0
171984.0 0.000128 9.6e-05 0.00014 0.0392 0.000128 47.67 1.30018 0.0 296.535 1.0 2.0
171984.0 0.000111 8.77e-05 0.000122 0.0481 0.000111 52.44 1.28718 0.0 246.48 1.0 2.0
171984.0 9.36e-05 7.86e-05 0.000102 0.0696 9.36e-05 57.68 1.27431 0.0 191.42 1.0 2.0
171984.0 7.56e-05 6.96e-05 7.97e-05 0.0897 7.56e-05 57.68 1.26157 0.0 133.74 1.0 2.0
172080.0 0.47 0.457 0.469 0.32 0.47 4.0 4.83756 0.0 693.97 7.0 2.0
172080.0 0.137 0.127 0.136 0.239 0.137 4.4 4.78918 0.0 689.77 3.0 2.0
172080.0 0.0207 0.0323 0.0207 0.0827 0.0207 4.84 4.74129 0.0 685.15 3.0 2.0
172080.0 0.00551 0.00986 0.00559 0.0289 0.0055 5.32 4.69388 0.0 680.07 3.0 2.0
172080.0 0.00227 0.00391 0.00236 0.0127 0.00227 5.86 4.64694 0.0 674.48 3.0 2.0
172080.0 0.00124 0.00197 0.00133 0.0072 0.00124 6.44 4.60047 0.0 668.33 2.0 2.0
172080.0 0.000897 0.00118 0.00098 0.00564 0.000897 7.09 4.55446 0.0 661.565 2.0 2.0
172080.0 0.000781 0.000802 0.00086 0.00593 0.000782 7.79 4.50892 0.0 654.125 1.0 2.0
172080.0 0.000725 0.000591 0.000789 0.00763 0.000725 8.57 4.46383 0.0 645.945 1.0 2.0
172080.0 0.000657 0.000461 0.000694 0.0106 0.000657 9.43 4.41919 0.0 636.945 1.0 2.0
172080.0 0.000558 0.000374 0.00057 0.0138 0.000558 10.37 4.375 0.0 627.045 1.0 2.0
172080.0 0.00044 0.000314 0.000438 0.0153 0.00044 11.41 4.33125 0.0 616.155 1.0 2.0
172080.0 0.000321 0.000269 0.000321 0.0139 0.000321 12.55 4.28794 0.0 604.175 1.0 2.0
172080.0 0.000219 0.000236 0.000228 0.0111 0.000219 13.81 4.24506 0.0 590.995 1.0 2.0
172080.0 0.000145 0.000209 0.000162 0.0086 0.000145 15.19 4.20261 0.0 576.495 1.0 2.0
172080.0 0.0001 0.000188 0.000123 0.0074 0.0001 16.71 4.16058 0.0 560.545 1.0 2.0
172080.0 7.83e-05 0.000171 0.000105 0.00797 7.83e-05 18.38 4.11897 0.0 543.0 1.0 2.0
172080.0 7.16e-05 0.000157 0.000103 0.0117 7.16e-05 20.22 4.07778 0.0 523.7 1.0 2.0
172080.0 7.77e-05 0.000147 0.000117 0.024 7.77e-05 22.24 4.03701 0.0 502.47 1.0 2.0
172080.0 9.74e-05 0.000139 0.000145 0.0584 9.74e-05 24.46 3.99664 0.0 479.12 1.0 2.0
172080.0 0.000132 0.000133 0.00018 0.113 0.000132 26.91 3.95667 0.0 453.435 1.0 2.0
172080.0 0.000171 0.000129 0.000197 0.113 0.000171 29.6 3.9171 0.0 425.18 1.0 2.0
172080.0 0.000181 0.000126 0.000172 0.0666 0.000181 32.56 3.87793 0.0 394.1 1.0 2.0
172080.0 0.000145 0.000124 0.000131 0.0369 0.000145 35.82 3.83915 0.0 359.91 1.0 2.0
172080.0 0.000103 0.000121 0.000101 0.0262 0.000103 39.4 3.80076 0.0 322.3 1.0 2.0
172080.0 8e-05 0.000117 8.81e-05 0.0259 8e-05 43.34 3.76275 0.0 280.93 1.0 2.0
172080.0 7.57e-05 0.00011 9.1e-05 0.0329 7.57e-05 47.67 3.72513 0.0 235.425 1.0 2.0
172080.0 8.24e-05 9.96e-05 0.000101 0.047 8.24e-05 52.44 3.68788 0.0 185.37 1.0 2.0
172080.0 7.62e-05 8.73e-05 9e-05 0.0652 7.62e-05 57.68 3.651 0.0 130.31 1.0 2.0
172080.0 4.16e-05 7.48e-05 4.53e-05 0.0806 4.16e-05 57.68 3.61449 0.0 72.63 1.0 2.0
172200.0 0.00912 0.0188 0.0097 0.0191 0.00912 4.0 4.54335 0.0106079 665.84 7.0 2.0
172200.0 0.0186 0.0313 0.0193 0.04 0.0186 4.4 4.49791 0.0106079 661.64 7.0 2.0
172200.0 0.0485 0.0496 0.0486 0.0851 0.0486 4.84 4.45294 0.0106079 657.02 3.0 2.0
172200.0 0.108 0.0703 0.105 0.119 0.108 5.32 4.40841 0.0106079 651.94 3.0 2.0
172200.0 0.118 0.0834 0.116 0.0932 0.118 5.86 4.36432 0.0106079 646.35 3.0 2.0
172200.0 0.0676 0.0809 0.0682 0.058 0.0676 6.44 4.32068 0.0106079 640.2 2.0 2.0
172200.0 0.0318 0.0666 0.0344 0.0419 0.0318 7.09 4.27747 0.0106079 633.435 2.0 2.0
172200.0 0.0187 0.05 0.022 0.0413 0.0188 7.79 4.2347 0.0106079 625.995 2.0 2.0
172200.0 0.0183 0.0367 0.0223 0.0515 0.0183 8.57 4.19235 0.0106079 617.815 2.0 2.0
172200.0 0.0302 0.0278 0.0344 0.0652 0.0302 9.43 4.15043 0.0106079 608.815 2.0 2.0
172200.0 0.058 0.0226 0.0556 0.0675 0.058 10.37 4.10892 0.0106079 598.915 2.0 2.0
172200.0 0.0659 0.0199 0.0534 0.0544 0.0659 11.41 4.06783 0.0106079 588.025 2.0 2.0
172200.0 0.0322 0.0191 0.0267 0.0386 0.0322 12.55 4.02715 0.0106079 576.045 1.0 2.0
172200.0 0.0105 0.0198 0.0108 0.0285 0.0104 13.81 3.98688 0.0106079 562.865 1.0 2.0
172200.0 0.00399 0.0219 0.00545 0.0248 0.00398 15.19 3.94701 0.0106079 548.365 1.0 2.0
172200.0 0.00261 0.0253 0.00455 0.0275 0.0026 16.71 3.90754 0.0106079 532.415 1.0 2.0
172200.0 0.0035 0.0292 0.007 0.0374 0.0035 18.38 3.86847 0.0106079 514.87 1.0 2.0
172200.0 0.00962 0.0323 0.0182 0.0557 0.00962 20.22 3.82978 0.0106079 495.57 1.0 2.0
172200.0 0.0371 0.0326 0.0526 0.0766 0.0372 22.24 3.79149 0.0106079 474.34 1.0 2.0
172200.0 0.0797 0.0287 0.0664 0.082 0.0797 24.46 3.75357 0.0106079 450.99 1.0 2.0
172200.0 0.0339 0.0218 0.0238 0.0652 0.0338 26.91 3.71604 0.0106079 425.305 1.0 2.0
172200.0 0.00867 0.0145 0.00743 0.0429 0.00866 29.6 3.67888 0.0106079 397.05 1.0 2.0
172200.0 0.00316 0.00874 0.0034 0.0277 0.00316 32.56 3.64209 0.0106079 365.97 1.0 2.0
172200.0 0.00175 0.00497 0.00223 0.0198 0.00175 35.82 3.60567 0.0106079 331.78 1.0 2.0
172200.0 0.00116 0.00274 0.0017 0.0169 0.00116 39.4 3.56961 0.0106079 294.17 1.0 2.0
172200.0 0.000751 0.00149 0.00127 0.0177 0.000751 43.34 3.53391 0.0106079 252.8 1.0 2.0
172200.0 0.000442 0.000809 0.000856 0.0222 0.000442 47.67 3.49857 0.0106079 207.295 1.0 2.0
172200.0 0.000234 0.000437 0.000494 0.0318 0.000234 52.44 3.46359 0.0106079 157.24 1.0 2.0
172200.0 0.00011 0.000236 0.000233 0.0488 0.00011 57.68 3.42895 0.0106079 102.18 1.0 2.0
172200.0 4.76e-05 0.000127 9.07e-05 0.0774 4.76e-05 57.68 3.39466 0.0106079 44.5 1.0 2.0
173100.0 6.49e-05 0.000589 0.000113 0.000744 6.49e-05 4.0 1.87907 0.00658665 643.38 4.0 2.0
173100.0 0.000163 0.00103 0.000243 0.00185 0.000163 4.4 1.86028 0.00658665 639.18 2.0 2.0
173100.0 0.000488 0.00183 0.00067 0.00469 0.000488 4.84 1.84168 0.00658665 634.56 2.0 2.0
173100.0 0.00146 0.00317 0.0024 0.00875 0.00146 5.32 1.82326 0.00658665 629.48 2.0 2.0
173100.0 0.0036 0.00497 0.00888 0.0129 0.0036 5.86 1.80503 0.00658665 623.89 1.0 2.0
173100.0 0.00863 0.0064 0.00812 0.0155 0.00864 6.44 1.78698 0.00658665 617.74 1.0 2.0
173100.0 0.0127 0.00633 0.00472 0.0129 0.0127 7.09 1.76911 0.00658665 610.975 1.0 2.0
173100.0 0.00628 0.00489 0.00498 0.00785 0.00628 7.79 1.75142 0.00658665 603.535 1.0 2.0
173100.0 0.000948 0.00321 0.00395 0.00473 0.000948 8.57 1.7339 0.00658665 595.355 1.0 2.0
173100.0 0.00031 0.00195 0.00097 0.00443 0.00031 9.43 1.71656 0.00658665 586.355 1.0 2.0
173100.0 0.000354 0.00116 0.000511 0.00844 0.000354 10.37 1.6994 0.00658665 576.455 1.0 2.0
173100.0 0.00068 0.000713 0.000634 0.034 0.00068 11.41 1.6824 0.00658665 565.565 1.0 2.0
173100.0 0.00055 0.000454 0.000568 0.139 0.00055 12.55 1.66558 0.00658665 553.585 1.0 2.0
173100.0 0.000199 0.000302 0.000269 0.164 0.000199 13.81 1.64892 0.00658665 540.405 1.0 2.0
173100.0 7.15e-05 0.000209 0.00012 0.0896 7.14e-05 15.19 1.63243 0.00658665 525.905 1.0 2.0
173100.0 3.79e-05 0.00015 6.91e-05 0.0521 3.79e-05 16.71 1.61611 0.00658665 509.955 1.0 2.0
173100.0 3.27e-05 0.00011 5.7e-05 0.0388 3.27e-05 18.38 1.59995 0.00658665 492.41 1.0 2.0
173100.0 4.22e-05 8.26e-05 6.27e-05 0.0343 4.22e-05 20.22 1.58395 0.00658665 473.11 1.0 2.0
173100.0 6.52e-05 6.31e-05 7.61e-05 0.035 6.52e-05 22.24 1.56811 0.00658665 451.88 1.0 2.0
173100.0 8.81e-05 4.89e-05 8.17e-05 0.0431 8.82e-05 24.46 1.55243 0.00658665 428.53 1.0 2.0
173100.0 7.97e-05 3.84e-05 6.78e-05 0.062 7.97e-05 26.91 1.5369 0.00658665 402.845 1.0 2.0
173100.0 5.01e-05 3.03e-05 4.72e-05 0.0845 5.01e-05 29.6 1.52153 0.00658665 374.59 1.0 2.0
173100.0 2.93e-05 2.41e-05 3.3e-05 0.0826 2.93e-05 32.56 1.50632 0.00658665 343.51 1.0 2.0
173100.0 1.97e-05 1.91e-05 2.57e-05 0.0539 1.97e-05 35.82 1.49126 0.00658665 309.32 1.0 2.0
173100.0 1.6e-05 1.51e-05 2.27e-05 0.0298 1.6e-05 39.4 1.47634 0.00658665 271.71 1.0 2.0
173100.0 1.47e-05 1.18e-05 2.18e-05 0.0188 1.47e-05 43.34 1.46158 0.00658665 230.34 1.0 2.0
173100.0 1.36e-05 9.13e-06 2.05e-05 0.0168 1.36e-05 47.67 1.44696 0.00658665 184.835 1.0 2.0
173100.0 1.1e-05 6.96e-06 1.66e-05 0.0237 1.1e-05 52.44 1.43249 0.00658665 134.78 1.0 2.0
173100.0 6.84e-06 5.23e-06 9.78e-06 0.054 6.84e-06 57.68 1.41817 0.00658665 79.72 1.0 2.0
173100.0 3.17e-06 3.9e-06 4.05e-06 0.178 3.17e-06 57.68 1.40399 0.00658665 22.04 1.0 2.0
173368.0 0.000118 0.00371 0.000212 0.00106 0.000118 4.0 2.59563 0.00891823 636.32 4.0 2.0
173368.0 0.000476 0.00522 0.00069 0.00332 0.000476 4.4 2.56968 0.00891823 632.12 4.0 2.0
173368.0 0.00267 0.00709 0.00311 0.0112 0.00267 4.84 2.54398 0.00891823 627.5 4.0 2.0
173368.0 0.0155 0.00868 0.015 0.0262 0.0155 5.32 2.51854 0.00891823 622.42 2.0 2.0
173368.0 0.0236 0.00897 0.0229 0.0268 0.0236 5.86 2.49335 0.00891823 616.83 2.0 2.0
173368.0 3.86e-05 0.000477 7.25e-05 0.00485 3.86e-05 10.37 2.34744 0.00891823 569.395 1.0 2.0
173368.0 3.6e-05 0.000268 6.71e-05 0.0395 3.6e-05 11.41 2.32397 0.00891823 558.505 1.0 2.0
173368.0 3.56e-05 0.000161 6.4e-05 0.22 3.56e-05 12.55 2.30073 0.00891823 546.525 1.0 2.0
173368.0 3.46e-05 0.000106 5.97e-05 0.225 3.46e-05 13.81 2.27772 0.00891823 533.345 1.0 2.0
173368.0 3.21e-05 7.64e-05 5.38e-05 0.0936 3.21e-05 15.19 2.25494 0.00891823 518.845 1.0 2.0
173368.0 2.85e-05 6.13e-05 4.74e-05 0.0428 2.85e-05 16.71 2.23239 0.00891823 502.895 1.0 2.0
173368.0 2.49e-05 5.48e-05 4.18e-05 0.0301 2.49e-05 18.38 2.21007 0.00891823 485.35 1.0 2.0
173368.0 2.24e-05 5.44e-05 3.8e-05 0.0313 2.24e-05 20.22 2.18797 0.00891823 466.05 1.0 2.0
173368.0 2.15e-05 5.94e-05 3.68e-05 0.0422 2.15e-05 22.24 2.16609 0.00891823 444.82 1.0 2.0
173368.0 2.19e-05 7.05e-05 3.83e-05 0.0607 2.19e-05 24.46 2.14443 0.00891823 421.47 1.0 2.0
173368.0 2.4e-05 8.91e-05 4.42e-05 0.0753 2.4e-05 26.91 2.12299 0.00891823 395.785 1.0 2.0
173368.0 3e-05 0.000117 6.07e-05 0.0719 3e-05 29.6 2.10176 0.00891823 367.53 1.0 2.0
173368.0 4.95e-05 0.000156 0.000112 0.055 4.95e-05 32.56 2.08074 0.00891823 336.45 1.0 2.0
173368.0 0.000125 0.000205 0.000287 0.0385 0.000125 35.82 2.05993 0.00891823 302.26 1.0 2.0
173368.0 0.000459 0.000259 0.000802 0.0292 0.000459 39.4 2.03933 0.00891823 264.65 1.0 2.0
173368.0 0.00155 0.00031 0.00133 0.0271 0.00156 43.34 2.01894 0.00891823 223.28 1.0 2.0
173368.0 0.00197 0.000348 0.000835 0.0312 0.00197 47.67 1.99875 0.00891823 177.775 1.0 2.0
173368.0 0.000567 0.000368 0.000331 0.0419 0.000567 52.44 1.97876 0.00891823 127.72 1.0 2.0
173368.0 9.62e-05 0.000374 0.000165 0.0599 9.62e-05 57.68 1.95897 0.00891823 72.66 1.0 2.0
173368.0 1.74e-05 0.000374 0.000139 0.0819 1.74e-05 57.68 1.93938 0.00891823 14.98 1.0 2.0
173849.0 8.71e-05 5.47e-05 0.000105 8.24e-07 8.71e-05 4.0 1.42945 0.0 712.68 2.0 2.0
173849.0 8.53e-05 5.68e-05 0.000103 1.49e-06 8.53e-05 4.4 1.41516 0.0 708.48 1.0 2.0
173849.0 8.34e-05 5.95e-05 0.0001 3.48e-06 8.34e-05 4.84 1.40101 0.0 703.86 1.0 2.0
173849.0 8.16e-05 6.31e-05 9.87e-05 9.63e-06 8.16e-05 5.32 1.38699 0.0 698.78 1.0 2.0
173849.0 8.06e-05 6.81e-05 9.82e-05 3.06e-05 8.06e-05 5.86 1.37312 0.0 693.19 1.0 2.0
173849.0 8.08e-05 7.49e-05 9.95e-05 9.74e-05 8.08e-05 6.44 1.35939 0.0 687.04 1.0 2.0
173849.0 8.21e-05 8.45e-05 0.000102 0.000346 8.21e-05 7.09 1.3458 0.0 680.275 1.0 2.0
173849.0 8.45e-05 9.83e-05 0.000107 0.00161 8.45e-05 7.79 1.33234 0.0 672.835 1.0 2.0
173849.0 8.86e-05 0.000118 0.000112 0.0107 8.86e-05 8.57 1.31902 0.0 664.655 1.0 2.0
173849.0 9.59e-05 0.000148 0.000121 0.125 9.59e-05 9.43 1.30583 0.0 655.655 1.0 2.0
173849.0 0.00011 0.000193 0.000135 0.784 0.00011 10.37 1.29277 0.0 645.755 1.0 2.0
173849.0 0.000142 0.000261 0.000165 0.499 0.000142 11.41 1.27984 0.0 634.865 1.0 2.0
173849.0 0.000206 0.000365 0.000221 0.132 0.000206 12.55 1.26704 0.0 622.885 1.0 2.0
173849.0 0.000305 0.000516 0.000303 0.0611 0.000305 13.81 1.25437 0.0 609.705 1.0 2.0
173849.0 0.000496 0.000723 0.000464 0.043 0.000496 15.19 1.24183 0.0 595.205 1.0 2.0
173849.0 0.000943 0.000974 0.000851 0.0347 0.000943 16.71 1.22941 0.0 579.255 1.0 2.0
173849.0 0.00185 0.00122 0.00165 0.0322 0.00185 18.38 1.21712 0.0 561.71 1.0 2.0
173849.0 0.00264 0.00139 0.00245 0.0367 0.00264 20.22 1.20495 0.0 542.41 1.0 2.0
173849.0 0.002 0.00142 0.00207 0.0431 0.002 22.24 1.1929 0.0 521.18 1.0 2.0
173849.0 0.000983 0.00135 0.00115 0.0429 0.000982 24.46 1.18097 0.0 497.83 1.0 2.0
173849.0 0.000498 0.00123 0.000622 0.0423 0.000498 26.91 1.16916 0.0 472.145 1.0 2.0
173849.0 0.00034 0.00113 0.000428 0.05 0.000339 29.6 1.15747 0.0 443.89 1.0 2.0
173849.0 0.00034 0.00109 0.00041 0.0656 0.00034 32.56 1.14589 0.0 412.81 1.0 2.0
173849.0 0.000502 0.00111 0.000553 0.0735 0.000502 35.82 1.13443 0.0 378.62 1.0 2.0
173849.0 0.000988 0.00113 0.000958 0.062 0.000988 39.4 1.12309 0.0 341.01 1.0 2.0
173849.0 0.00196 0.00111 0.00174 0.0447 0.00196 43.34 1.11186 0.0 299.64 1.0 2.0
173849.0 0.00264 0.000999 0.00243 0.0353 0.00264 47.67 1.10074 0.0 254.135 1.0 2.0
173849.0 0.0016 0.000788 0.0017 0.0362 0.0016 52.44 1.08973 0.0 204.08 1.0 2.0
173849.0 0.000438 0.00055 0.000523 0.0495 0.000438 57.68 1.07883 0.0 149.02 1.0 2.0
173849.0 8.65e-05 0.000353 0.000103 0.0791 8.65e-05 57.68 1.06805 0.0 91.34 1.0 2.0
174859.0 0.232 0.0833 0.212 0.132 0.233 9.43 2.97341 0.0982699 547.075 3.0 2.0
174859.0 0.107 0.0842 0.111 0.123 0.107 10.37 2.94368 0.0982699 537.175 3.0 2.0
174859.0 0.0325 0.091 0.04 0.104 0.0325 11.41 2.91424 0.0982699 526.285 3.0 2.0
174859.0 0.0174 0.105 0.0231 0.0907 0.0174 12.55 2.8851 0.0982699 514.305 3.0 2.0
174859.0 0.0248 0.127 0.0311 0.0856 0.0248 13.81 2.85625 0.0982699 501.125 3.0 2.0
174859.0 0.084 0.149 0.0925 0.087 0.084 15.19 2.82768 0.0982699 486.625 3.0 2.0
175153.0 0.0668 0.0867 0.0758 0.122 0.0667 11.41 2.82783 0.125631 522.015 3.0 2.0
175153.0 0.0235 0.0992 0.031 0.108 0.0235 12.55 2.79956 0.125631 510.035 3.0 2.0
175153.0 0.0175 0.121 0.0237 0.0927 0.0175 13.81 2.77156 0.125631 496.855 3.0 2.0
175153.0 0.0345 0.153 0.0424 0.0837 0.0345 15.19 2.74384 0.125631 482.355 3.0 2.0
175153.0 0.145 0.186 0.152 0.0865 0.145 16.71 2.71641 0.125631 466.405 3.0 2.0
175382.0 0.00116 0.011 0.00222 0.00687 0.00116 4.0 3.22069 0.141631 598.97 7.0 2.0
175382.0 0.00598 0.0206 0.00816 0.0261 0.00598 4.4 3.18848 0.141631 594.77 7.0 2.0
175382.0 0.031 0.0375 0.0321 0.0812 0.031 4.84 3.1566 0.141631 590.15 7.0 2.0
175382.0 0.113 0.0626 0.103 0.132 0.113 5.32 3.12503 0.141631 585.07 7.0 2.0
175382.0 0.133 0.0884 0.131 0.106 0.133 5.86 3.09378 0.141631 579.48 7.0 2.0
175382.0 0.0622 0.101 0.0682 0.0709 0.0622 6.44 3.06284 0.141631 573.33 7.0 2.0
175382.0 0.0357 0.097 0.0409 0.0596 0.0357 7.09 3.03221 0.141631 566.565 7.0 2.0
175382.0 0.0443 0.0849 0.0483 0.0682 0.0443 7.79 3.00189 0.141631 559.125 7.0 2.0
175382.0 0.103 0.0742 0.101 0.0921 0.103 8.57 2.97187 0.141631 550.945 7.0 2.0
175382.0 0.196 0.0693 0.179 0.119 0.196 9.43 2.94215 0.141631 541.945 7.0 2.0
175382.0 0.114 0.0728 0.114 0.13 0.114 10.37 2.91273 0.141631 532.045 7.0 2.0
175382.0 0.0391 0.0875 0.0451 0.121 0.0391 11.41 2.88361 0.141631 521.155 7.0 2.0
175382.0 0.0219 0.118 0.0271 0.102 0.0219 12.55 2.85477 0.141631 509.175 3.0 2.0
175382.0 0.0348 0.167 0.0412 0.089 0.0348 13.81 2.82622 0.141631 495.995 3.0 2.0
175382.0 0.153 0.221 0.163 0.0899 0.153 15.19 2.79796 0.141631 481.495 3.0 2.0
175382.0 0.643 0.233 0.616 0.112 0.643 16.71 2.76998 0.141631 465.545 3.0 2.0
175382.0 0.153 0.18 0.153 0.161 0.153 18.38 2.74228 0.141631 448.0 3.0 2.0
175382.0 0.0181 0.105 0.0219 0.213 0.0181 20.22 2.71486 0.141631 428.7 3.0 2.0
175382.0 0.00295 0.0517 0.0046 0.184 0.00295 22.24 2.68771 0.141631 407.47 2.0 2.0
175382.0 0.000873 0.0235 0.00172 0.0918 0.000873 24.46 2.66083 0.141631 384.12 2.0 2.0
175382.0 0.000441 0.0105 0.00103 0.0334 0.000441 26.91 2.63422 0.141631 358.435 2.0 2.0
175382.0 0.000325 0.00483 0.000833 0.0125 0.000325 29.6 2.60788 0.141631 330.18 2.0 2.0
175382.0 0.0003 0.00229 0.000785 0.00607 0.0003 32.56 2.5818 0.141631 299.1 2.0 2.0
175382.0 0.000307 0.00114 0.000787 0.00416 0.000307 35.82 2.55598 0.141631 264.91 1.0 2.0
175382.0 0.000323 0.000583 0.000801 0.00382 0.000323 39.4 2.53042 0.141631 227.3 1.0 2.0
175382.0 0.000331 0.000309 0.0008 0.00402 0.000331 43.34 2.50512 0.141631 185.93 1.0 2.0
175382.0 0.000317 0.000168 0.00075 0.00403 0.000317 47.67 2.48007 0.141631 140.425 1.0 2.0
175382.0 0.000272 9.23e-05 0.00062 0.0033 0.000272 52.44 2.45527 0.141631 90.37 1.0 2.0
175382.0 0.000205 5.12e-05 0.000421 0.00198 0.000205 57.68 2.43072 0.141631 35.31 1.0 2.0
175382.0 0.000136 2.85e-05 0.000235 0.000881 0.000136 57.68 2.40641 0.141631 -22.37 1.0 2.0
176276.0 0.00417 0.0154 0.00574 0.0119 0.00417 4.0 3.33812 0.163941 594.33 4.0 2.0
176276.0 0.015 0.0271 0.0167 0.0352 0.015 4.4 3.30474 0.163941 590.13 4.0 2.0
176276.0 0.0535 0.0462 0.0513 0.0924 0.0536 4.84 3.27169 0.163941 585.51 4.0 2.0
176276.0 0.117 0.0711 0.11 0.129 0.117 5.32 3.23898 0.163941 580.43 4.0 2.0
176276.0 0.0903 0.0915 0.0931 0.0928 0.0902 5.86 3.20659 0.163941 574.84 7.0 2.0
176276.0 0.0508 0.0956 0.0564 0.0604 0.0508 6.44 3.17452 0.163941 568.69 7.0 2.0
176276.0 0.0506 0.0852 0.0554 0.0535 0.0505 7.09 3.14278 0.163941 561.925 7.0 2.0
176276.0 0.0959 0.0714 0.0974 0.0672 0.0959 7.79 3.11135 0.163941 554.485 7.0 2.0
176276.0 0.165 0.0621 0.153 0.0996 0.165 8.57 3.08023 0.163941 546.305 7.0 2.0
176276.0 0.0864 0.0605 0.0821 0.133 0.0864 9.43 3.04943 0.163941 537.305 7.0 2.0
176276.0 0.0253 0.0695 0.0278 0.132 0.0253 10.37 3.01894 0.163941 527.405 7.0 2.0
176276.0 0.0129 0.0944 0.0154 0.104 0.0129 11.41 2.98875 0.163941 516.515 3.0 2.0
176276.0 0.0204 0.145 0.0235 0.0813 0.0204 12.55 2.95886 0.163941 504.535 3.0 2.0
176276.0 0.104 0.224 0.11 0.0798 0.104 13.81 2.92927 0.163941 491.355 3.0 2.0
176276.0 0.784 0.288 0.798 0.107 0.784 15.19 2.89998 0.163941 476.855 3.0 2.0
176276.0 0.252 0.255 0.221 0.179 0.251 16.71 2.87098 0.163941 460.905 3.0 2.0
176276.0 0.0177 0.151 0.0202 0.272 0.0176 18.38 2.84227 0.163941 443.36 3.0 2.0
176276.0 0.00206 0.068 0.00325 0.242 0.00206 20.22 2.81385 0.163941 424.06 3.0 2.0
176276.0 0.000553 0.0272 0.00114 0.109 0.000553 22.24 2.78571 0.163941 402.83 3.0 2.0
176276.0 0.000285 0.0107 0.000699 0.0343 0.000285 24.46 2.75785 0.163941 379.48 3.0 2.0
176276.0 0.000222 0.00442 0.000588 0.0115 0.000222 26.91 2.73027 0.163941 353.795 2.0 2.0
176276.0 0.000217 0.00194 0.000569 0.00519 0.000217 29.6 2.70297 0.163941 325.54 2.0 2.0
176276.0 0.00023 0.000913 0.000575 0.00335 0.00023 32.56 2.67594 0.163941 294.46 2.0 2.0
176276.0 0.000247 0.000459 0.000583 0.00295 0.000247 35.82 2.64918 0.163941 260.27 1.0 2.0
176276.0 0.000259 0.000244 0.000588 0.00313 0.000259 39.4 2.62269 0.163941 222.66 1.0 2.0
176276.0 0.00026 0.000136 0.000582 0.00337 0.00026 43.34 2.59646 0.163941 181.29 1.0 2.0
176276.0 0.000243 7.82e-05 0.000542 0.0032 0.000243 47.67 2.5705 0.163941 135.785 1.0 2.0
176276.0 0.000205 4.59e-05 0.000446 0.00247 0.000205 52.44 2.54479 0.163941 85.73 1.0 2.0
176276.0 0.000151 2.73e-05 0.000304 0.00151 0.000151 57.68 2.51934 0.163941 30.67 1.0 2.0
176276.0 9.93e-05 1.62e-05 0.000172 0.000728 9.93e-05 57.68 2.49415 0.163941 -27.01 1.0 2.0
176787.0 0.0132 0.0239 0.0159 0.0164 0.0132 4.0 3.20651 0.1161 587.65 4.0 2.0
176787.0 0.0291 0.04 0.0292 0.0483 0.0291 4.4 3.17445 0.1161 583.45 4.0 2.0
176787.0 0.0563 0.0638 0.0518 0.111 0.0563 4.84 3.1427 0.1161 578.83 4.0 2.0
176787.0 0.0879 0.0881 0.0857 0.129 0.0879 5.32 3.11127 0.1161 573.75 4.0 2.0
176787.0 0.129 0.0984 0.136 0.0899 0.129 5.86 3.08016 0.1161 568.16 4.0 2.0
176787.0 0.168 0.0906 0.17 0.0648 0.168 6.44 3.04936 0.1161 562.01 4.0 2.0
176787.0 0.11 0.0768 0.102 0.0661 0.11 7.09 3.01887 0.1161 555.245 7.0 2.0
176787.0 0.0357 0.0686 0.0347 0.0898 0.0357 7.79 2.98868 0.1161 547.805 7.0 2.0
176787.0 0.0127 0.0719 0.0139 0.124 0.0127 8.57 2.95879 0.1161 539.625 7.0 2.0
176787.0 0.00956 0.0929 0.0111 0.138 0.00956 9.43 2.9292 0.1161 530.625 7.0 2.0
176787.0 0.0213 0.143 0.0242 0.122 0.0213 10.37 2.89991 0.1161 520.725 7.0 2.0
176787.0 0.135 0.228 0.142 0.102 0.135 11.41 2.87091 0.1161 509.835 7.0 2.0
176787.0 0.933 0.3 0.916 0.0993 0.933 12.55 2.8422 0.1161 497.855 3.0 2.0
176787.0 0.104 0.255 0.102 0.124 0.104 13.81 2.81378 0.1161 484.675 3.0 2.0
176787.0 0.0082 0.136 0.00989 0.177 0.0082 15.19 2.78564 0.1161 470.175 3.0 2.0
176787.0 0.00123 0.0543 0.00194 0.214 0.00123 16.71 2.75779 0.1161 454.225 3.0 2.0
176787.0 0.000384 0.0197 0.000756 0.169 0.000384 18.38 2.73021 0.1161 436.68 3.0 2.0
176787.0 0.000211 0.00733 0.000479 0.0849 0.000211 20.22 2.70291 0.1161 417.38 3.0 2.0
176787.0 0.000167 0.00295 0.0004 0.0342 0.000167 22.24 2.67588 0.1161 396.15 2.0 2.0
176787.0 0.00016 0.00131 0.000376 0.0142 0.00016 24.46 2.64912 0.1161 372.8 2.0 2.0
176787.0 0.000164 0.000649 0.000363 0.00722 0.000164 26.91 2.62263 0.1161 347.115 2.0 2.0
176787.0 0.00017 0.000353 0.000352 0.00472 0.00017 29.6 2.5964 0.1161 318.86 2.0 2.0
176787.0 0.000173 0.000209 0.000341 0.00389 0.000173 32.56 2.57044 0.1161 287.78 1.0 2.0
176787.0 0.000175 0.000132 0.000334 0.00376 0.000175 35.82 2.54473 0.1161 253.59 1.0 2.0
176787.0 0.000175 8.83e-05 0.000331 0.00381 0.000175 39.4 2.51929 0.1161 215.98 1.0 2.0
176787.0 0.000171 6.14e-05 0.000328 0.00369 0.000171 43.34 2.49409 0.1161 174.61 1.0 2.0
176787.0 0.000158 4.38e-05 0.000308 0.00319 0.000158 47.67 2.46915 0.1161 129.105 1.0 2.0
176787.0 0.000131 3.17e-05 0.000252 0.00237 0.000131 52.44 2.44446 0.1161 79.05 1.0 2.0
176787.0 9.14e-05 2.31e-05 0.000165 0.0014 9.14e-05 57.68 2.42002 0.1161 23.99 1.0 2.0
176787.0 5.49e-05 1.69e-05 8.59e-05 0.000653 5.49e-05 57.68 2.39582 0.1161 -33.69 1.0 2.0
176801.0 0.0298 0.154 0.0337 0.121 0.0298 10.37 2.93278 0.11479 520.305 3.0 2.0
176801.0 0.213 0.242 0.222 0.105 0.213 11.41 2.90345 0.11479 509.415 3.0 2.0
176801.0 0.856 0.295 0.832 0.106 0.856 12.55 2.87442 0.11479 497.435 3.0 2.0
176801.0 0.0595 0.226 0.0638 0.132 0.0596 13.81 2.84567 0.11479 484.255 3.0 2.0
176801.0 0.00497 0.111 0.00643 0.176 0.00497 15.19 2.81722 0.11479 469.755 3.0 2.0
180172.0 0.000234 0.000181 0.000307 0.000313 0.000234 4.0 4.07528 0.0 557.52 3.0 2.0
180172.0 0.000289 0.000345 0.000361 0.000603 0.000289 4.4 4.03452 0.0 553.32 3.0 2.0
180172.0 0.00043 0.000657 0.0005 0.00148 0.00043 4.84 3.99418 0.0 548.7 3.0 2.0
180172.0 0.000754 0.00123 0.000809 0.00403 0.000754 5.32 3.95424 0.0 543.62 2.0 2.0
180172.0 0.00155 0.00222 0.00154 0.011 0.00155 5.86 3.91469 0.0 538.03 2.0 2.0
180172.0 0.00329 0.00383 0.0031 0.0262 0.00329 6.44 3.87555 0.0 531.88 2.0 2.0
180172.0 0.00613 0.0062 0.00574 0.0431 0.00613 7.09 3.83679 0.0 525.115 2.0 2.0
180172.0 0.00938 0.00918 0.00912 0.0427 0.00937 7.79 3.79842 0.0 517.675 2.0 2.0
180172.0 0.0115 0.012 0.012 0.0339 0.0115 8.57 3.76044 0.0 509.495 1.0 2.0
180172.0 0.0139 0.0135 0.0161 0.0315 0.0139 9.43 3.72283 0.0 500.495 1.0 2.0
180172.0 0.0193 0.013 0.0215 0.0385 0.0193 10.37 3.68561 0.0 490.595 1.0 2.0
180172.0 0.0189 0.011 0.0135 0.0531 0.0189 11.41 3.64875 0.0 479.705 1.0 2.0
180172.0 0.00594 0.00876 0.00345 0.0657 0.00594 12.55 3.61226 0.0 467.725 1.0 2.0
180172.0 0.00142 0.007 0.0011 0.0635 0.00142 13.81 3.57614 0.0 454.545 1.0 2.0
180172.0 0.000545 0.00589 0.00067 0.0504 0.000545 15.19 3.54038 0.0 440.045 1.0 2.0
180172.0 0.00041 0.00536 0.000853 0.0397 0.00041 16.71 3.50497 0.0 424.095 1.0 2.0
180172.0 0.000634 0.00527 0.00232 0.0373 0.000634 18.38 3.46992 0.0 406.55 1.0 2.0
180172.0 0.00201 0.00548 0.0103 0.0436 0.00201 20.22 3.43523 0.0 387.25 1.0 2.0
180172.0 0.00969 0.0058 0.021 0.0563 0.00969 22.24 3.40087 0.0 366.02 1.0 2.0
180172.0 0.024 0.00603 0.00896 0.0668 0.024 24.46 3.36686 0.0 342.67 1.0 2.0
180172.0 0.0117 0.00602 0.00347 0.0663 0.0117 26.91 3.3332 0.0 316.985 1.0 2.0
180172.0 0.00354 0.00573 0.00174 0.0566 0.00354 29.6 3.29986 0.0 288.73 1.0 2.0
180172.0 0.0014 0.00528 0.001 0.0435 0.0014 32.56 3.26687 0.0 257.65 1.0 2.0
180172.0 0.000761 0.00479 0.000652 0.0322 0.000761 35.82 3.2342 0.0 223.46 1.0 2.0
180172.0 0.000587 0.00439 0.000572 0.0265 0.000587 39.4 3.20185 0.0 185.85 1.0 2.0
180172.0 0.00071 0.00411 0.000921 0.0278 0.00071 43.34 3.16984 0.0 144.48 1.0 2.0
180172.0 0.00141 0.00396 0.00366 0.038 0.00141 47.67 3.13814 0.0 98.975 1.0 2.0
180172.0 0.00366 0.00389 0.0233 0.0571 0.00366 52.44 3.10676 0.0 48.92 1.0 2.0
180172.0 0.00661 0.00381 0.0096 0.0727 0.00663 57.68 3.07569 0.0 -6.14 1.0 2.0
180172.0 0.00453 0.00365 0.00117 0.0702 0.00453 57.68 3.04493 0.0 -63.82 1.0 2.0
180181.0 0.000198 0.000108 0.00027 0.000339 0.000198 4.0 4.17124 0.0 558.95 3.0 2.0
180181.0 0.000231 0.000215 0.000301 0.000612 0.000231 4.4 4.12952 0.0 554.75 3.0 2.0
180181.0 0.000312 0.000427 0.000381 0.00147 0.000312 4.84 4.08823 0.0 550.13 2.0 2.0
180181.0 0.00052 0.000858 0.000583 0.00423 0.00052 5.32 4.04735 0.0 545.05 2.0 2.0
180181.0 0.0011 0.00174 0.00113 0.0129 0.0011 5.86 4.00687 0.0 539.46 2.0 2.0
180181.0 0.00269 0.00348 0.00259 0.0343 0.00269 6.44 3.9668 0.0 533.31 2.0 2.0
180181.0 0.006 0.00667 0.00563 0.06 0.006 7.09 3.92714 0.0 526.545 1.0 2.0
180181.0 0.0121 0.0118 0.0113 0.0579 0.012 7.79 3.88786 0.0 519.105 1.0 2.0
180181.0 0.0185 0.0185 0.0178 0.042 0.0185 8.57 3.84899 0.0 510.925 1.0 2.0
180181.0 0.0234 0.0244 0.0256 0.0347 0.0234 9.43 3.8105 0.0 501.925 1.0 2.0
180181.0 0.0314 0.0254 0.0404 0.0368 0.0314 10.37 3.77239 0.0 492.025 1.0 2.0
180181.0 0.0332 0.0205 0.0241 0.0441 0.0332 11.41 3.73467 0.0 481.135 1.0 2.0
180181.0 0.00737 0.0135 0.00419 0.0494 0.00736 12.55 3.69732 0.0 469.155 1.0 2.0
180181.0 0.00142 0.00826 0.00109 0.0471 0.00142 13.81 3.66035 0.0 455.975 1.0 2.0
180181.0 0.000489 0.0052 0.000575 0.0395 0.000489 15.19 3.62374 0.0 441.475 1.0 2.0
180181.0 0.000327 0.00361 0.000617 0.0339 0.000327 16.71 3.58751 0.0 425.525 1.0 2.0
180181.0 0.000421 0.00282 0.00134 0.0349 0.000421 18.38 3.55163 0.0 407.98 1.0 2.0
180181.0 0.00102 0.00243 0.00498 0.044 0.00102 20.22 3.51612 0.0 388.68 1.0 2.0
180181.0 0.00392 0.00226 0.0101 0.0597 0.00392 22.24 3.48095 0.0 367.45 1.0 2.0
180181.0 0.0112 0.00217 0.00394 0.0729 0.0112 24.46 3.44614 0.0 344.1 1.0 2.0
180181.0 0.00551 0.00211 0.00151 0.0737 0.00551 26.91 3.41168 0.0 318.415 1.0 2.0
180181.0 0.00163 0.00203 0.000808 0.0635 0.00163 29.6 3.37757 0.0 290.16 1.0 2.0
180181.0 0.00069 0.00193 0.000515 0.0481 0.00069 32.56 3.34379 0.0 259.08 1.0 2.0
180181.0 0.000415 0.00181 0.000371 0.0339 0.000415 35.82 3.31035 0.0 224.89 1.0 2.0
180181.0 0.00034 0.00171 0.000343 0.0259 0.00034 39.4 3.27725 0.0 187.28 1.0 2.0
180181.0 0.000401 0.00164 0.000525 0.0254 0.000401 43.34 3.24448 0.0 145.91 1.0 2.0
180181.0 0.000692 0.00165 0.00185 0.0335 0.000692 47.67 3.21203 0.0 100.405 1.0 2.0
180181.0 0.00142 0.0018 0.013 0.0515 0.00142 52.44 3.17991 0.0 50.35 1.0 2.0
180181.0 0.00232 0.00221 0.00483 0.0722 0.00232 57.68 3.14811 0.0 -4.71 1.0 2.0
180181.0 0.00393 0.00308 0.000874 0.0835 0.00393 57.68 3.11663 0.0 -62.39 1.0 2.0
182900.0 0.0107 0.0158 0.0112 0.0217 0.0107 4.0 5.08246 0.0 534.7 3.0 2.0
182900.0 0.0193 0.0259 0.0198 0.0376 0.0193 4.4 5.03164 0.0 530.5 3.0 2.0
182900.0 0.0379 0.0404 0.038 0.0646 0.0379 4.84 4.98132 0.0 525.88 3.0 2.0
182900.0 0.0675 0.0566 0.0668 0.0877 0.0675 5.32 4.93151 0.0 520.8 3.0 2.0
182900.0 0.0851 0.0678 0.084 0.085 0.0851 5.86 4.88219 0.0 515.21 2.0 2.0
182900.0 0.0738 0.0693 0.0734 0.0677 0.0738 6.44 4.83337 0.0 509.06 2.0 2.0
182900.0 0.0579 0.0635 0.0579 0.0578 0.0579 7.09 4.78504 0.0 502.295 2.0 2.0
182900.0 0.0455 0.0554 0.0457 0.0579 0.0455 7.79 4.73719 0.0 494.855 2.0 2.0
182900.0 0.0361 0.0485 0.0366 0.0633 0.0361 8.57 4.68982 0.0 486.675 2.0 2.0
182900.0 0.0312 0.0433 0.032 0.065 0.0312 9.43 4.64292 0.0 477.675 2.0 2.0
182900.0 0.0348 0.0397 0.0361 0.0651 0.0348 10.37 4.59649 0.0 467.775 2.0 2.0
182900.0 0.0476 0.0373 0.049 0.0639 0.0476 11.41 4.55052 0.0 456.885 2.0 2.0
182900.0 0.062 0.0356 0.0613 0.0594 0.062 12.55 4.50502 0.0 444.905 2.0 2.0
182900.0 0.058 0.0345 0.0544 0.0516 0.058 13.81 4.45997 0.0 431.725 2.0 2.0
182900.0 0.0372 0.0339 0.034 0.0439 0.0372 15.19 4.41537 0.0 417.225 2.0 2.0
182900.0 0.0202 0.0338 0.0193 0.0392 0.0202 16.71 4.37121 0.0 401.275 2.0 2.0
182900.0 0.0124 0.0337 0.0132 0.0383 0.0123 18.38 4.3275 0.0 383.73 2.0 2.0
182900.0 0.0233 0.0257 0.0299 0.0526 0.0233 24.46 4.19897 0.0 319.85 1.0 2.0
182900.0 0.0431 0.0196 0.0432 0.055 0.0431 26.91 4.15698 0.0 294.165 1.0 2.0
182900.0 0.0362 0.0135 0.0272 0.0516 0.0362 29.6 4.11541 0.0 265.91 1.0 2.0
182900.0 0.0119 0.00847 0.00967 0.0443 0.0118 32.56 4.07426 0.0 234.83 1.0 2.0
182900.0 0.00326 0.00501 0.00349 0.0367 0.00326 35.82 4.03351 0.0 200.64 1.0 2.0
182900.0 0.00115 0.00286 0.00161 0.0311 0.00115 39.4 3.99318 0.0 163.03 1.0 2.0
182900.0 0.000541 0.0016 0.000945 0.0284 0.000541 43.34 3.95325 0.0 121.66 1.0 2.0
182900.0 0.000316 0.000894 0.00064 0.0285 0.000316 47.67 3.91372 0.0 76.155 1.0 2.0
182900.0 0.000204 0.000498 0.000439 0.0318 0.000204 52.44 3.87458 0.0 26.1 1.0 2.0
182900.0 0.000131 0.000279 0.000273 0.0386 0.000131 57.68 3.83583 0.0 -28.96 1.0 2.0
182900.0 8.26e-05 0.000156 0.000153 0.0477 8.25e-05 57.68 3.79747 0.0 -86.64 1.0 2.0
185290.0 0.0216 0.011 0.0256 0.0145 0.0216 4.0 5.09506 0.109059 468.8 7.0 2.0
185290.0 0.0324 0.024 0.0314 0.0452 0.0325 4.4 5.0441 0.109059 464.6 7.0 2.0
185290.0 0.044 0.0523 0.037 0.117 0.044 4.84 4.99366 0.109059 459.98 3.0 2.0
185290.0 0.0598 0.109 0.0504 0.155 0.0599 5.32 4.94373 0.109059 454.9 3.0 2.0
185290.0 0.122 0.197 0.119 0.119 0.122 5.86 4.89429 0.109059 449.31 3.0 2.0
185314.0 0.046 0.0158 0.0514 0.0211 0.0462 4.0 5.25853 0.111545 468.13 7.0 2.0
185314.0 0.0507 0.0356 0.0458 0.0682 0.0507 4.4 5.20595 0.111545 463.93 3.0 2.0
185314.0 0.0477 0.0791 0.041 0.158 0.0476 4.84 5.15389 0.111545 459.31 3.0 2.0
185314.0 0.059 0.163 0.0583 0.164 0.0589 5.32 5.10235 0.111545 454.23 3.0 2.0
185314.0 0.182 0.274 0.201 0.108 0.182 5.86 5.05133 0.111545 448.64 3.0 2.0
185374.0 0.0151 0.0216 0.0162 0.0287 0.0151 4.4 5.53276 0.117828 462.51 3.0 2.0
185374.0 0.045 0.0393 0.0434 0.0974 0.045 4.84 5.47744 0.117828 457.89 3.0 2.0
185374.0 0.112 0.0686 0.106 0.165 0.112 5.32 5.42266 0.117828 452.81 3.0 2.0
185374.0 0.108 0.111 0.108 0.124 0.108 5.86 5.36843 0.117828 447.22 3.0 2.0
185375.0 0.0146 0.0216 0.0157 0.0284 0.0146 4.4 5.53322 0.117914 462.46 3.0 2.0
185375.0 0.0443 0.0391 0.0429 0.0963 0.0443 4.84 5.47789 0.117914 457.84 3.0 2.0
185375.0 0.114 0.0679 0.108 0.165 0.114 5.32 5.42311 0.117914 452.76 3.0 2.0
185375.0 0.109 0.109 0.109 0.124 0.109 5.86 5.36888 0.117914 447.17 3.0 2.0
185402.0 0.00207 0.0103 0.00277 0.0063 0.00207 4.0 5.34162 0.120765 466.01 7.0 2.0
185402.0 0.00639 0.0184 0.00735 0.0215 0.00639 4.4 5.28821 0.120765 461.81 3.0 2.0
185402.0 0.0258 0.0323 0.0264 0.0708 0.0258 4.84 5.23533 0.120765 457.19 3.0 2.0
185402.0 0.107 0.0539 0.104 0.137 0.107 5.32 5.18297 0.120765 452.11 3.0 2.0
185428.0 0.00769 0.0286 0.00939 0.0335 0.00769 4.4 5.18659 0.123508 461.12 3.0 2.0
185428.0 0.0502 0.0432 0.0513 0.0959 0.0502 4.84 5.13473 0.123508 456.5 3.0 2.0
185428.0 0.18 0.0623 0.172 0.138 0.18 5.32 5.08338 0.123508 451.42 3.0 2.0
185428.0 0.0913 0.0849 0.0929 0.11 0.0914 5.86 5.03254 0.123508 445.83 3.0 2.0
188559.0 0.00199 0.00492 0.00236 0.00447 0.00199 4.0 3.59168 0.00540618 421.4 3.0 2.0
188559.0 0.00383 0.00627 0.0041 0.00836 0.00383 4.4 3.55576 0.00540618 417.2 3.0 2.0
188768.0 0.0176 0.0631 0.021 0.029 0.0176 4.0 3.05763 0.0171634 420.51 7.0 2.0
188768.0 0.104 0.105 0.107 0.103 0.104 4.4 3.02706 0.0171634 416.31 3.0 2.0
188768.0 0.33 0.163 0.308 0.244 0.33 4.84 2.99679 0.0171634 411.69 3.0 2.0
188768.0 0.173 0.225 0.172 0.239 0.173 5.32 2.96682 0.0171634 406.61 3.0 2.0
188768.0 0.117 0.271 0.124 0.152 0.117 5.86 2.93715 0.0171634 401.02 3.0 2.0
188768.0 0.195 0.293 0.215 0.114 0.195 6.44 2.90778 0.0171634 394.87 3.0 2.0
188768.0 0.414 0.283 0.474 0.124 0.414 7.09 2.8787 0.0171634 388.105 3.0 2.0
189054.0 0.00131 0.014 0.00214 0.00772 0.0013 4.0 3.09171 0.048667 417.08 7.0 2.0
189054.0 0.00582 0.024 0.00746 0.0281 0.00582 4.4 3.06079 0.048667 412.88 7.0 2.0
189054.0 0.0281 0.0402 0.0295 0.0842 0.0281 4.84 3.03019 0.048667 408.26 7.0 2.0
189054.0 0.119 0.0625 0.113 0.135 0.119 5.32 2.99988 0.048667 403.18 7.0 2.0
189054.0 0.194 0.0861 0.188 0.113 0.194 5.86 2.96988 0.048667 397.59 7.0 2.0
189054.0 0.0709 0.107 0.0754 0.0863 0.0709 6.44 2.94019 0.048667 391.44 7.0 2.0
189054.0 0.0271 0.127 0.0309 0.0897 0.0271 7.09 2.91078 0.048667 384.675 7.0 2.0
189054.0 0.03 0.156 0.0337 0.125 0.03 7.79 2.88168 0.048667 377.235 7.0 2.0
189054.0 0.111 0.192 0.117 0.171 0.111 8.57 2.85286 0.048667 369.055 7.0 2.0
189054.0 0.546 0.208 0.539 0.167 0.546 9.43 2.82433 0.048667 360.055 7.0 2.0
189054.0 0.206 0.171 0.197 0.115 0.206 10.37 2.79609 0.048667 350.155 7.0 2.0
189054.0 0.0204 0.101 0.0227 0.0704 0.0204 11.41 2.76813 0.048667 339.265 7.0 2.0
189054.0 0.0029 0.0472 0.00391 0.0482 0.0029 12.55 2.74045 0.048667 327.285 7.0 2.0
189054.0 0.000776 0.0197 0.00127 0.042 0.000776 13.81 2.71304 0.048667 314.105 7.0 2.0
189054.0 0.000354 0.00813 0.000679 0.0461 0.000354 15.19 2.68591 0.048667 299.605 2.0 2.0
189054.0 0.000234 0.00354 0.000494 0.0569 0.000234 16.71 2.65905 0.048667 283.655 2.0 2.0
189054.0 0.000193 0.00168 0.000421 0.0674 0.000193 18.38 2.63246 0.048667 266.11 2.0 2.0
189054.0 0.000156 0.000205 0.000294 0.0193 0.000156 26.91 2.52873 0.048667 176.545 1.0 2.0
189054.0 0.000149 0.000146 0.000273 0.012 0.000149 29.6 2.50344 0.048667 148.29 1.0 2.0
189054.0 0.000144 0.000109 0.000259 0.00815 0.000144 32.56 2.47841 0.048667 117.21 1.0 2.0
189054.0 0.000142 8.53e-05 0.000251 0.00611 0.000142 35.82 2.45363 0.048667 83.02 1.0 2.0
189054.0 0.00014 6.84e-05 0.000249 0.00499 0.00014 39.4 2.42909 0.048667 45.41 1.0 2.0
189054.0 0.000136 5.6e-05 0.000246 0.00447 0.000136 43.34 2.4048 0.048667 4.04 1.0 2.0
189054.0 0.000124 4.63e-05 0.00023 0.00477 0.000124 47.67 2.38075 0.048667 -41.465 1.0 2.0
189054.0 9.99e-05 3.85e-05 0.000184 0.00724 9.99e-05 52.44 2.35694 0.048667 -91.52 1.0 2.0
189054.0 6.59e-05 3.2e-05 0.000114 0.0188 6.59e-05 57.68 2.33337 0.048667 -146.58 1.0 2.0
189054.0 3.62e-05 2.66e-05 5.4e-05 0.0807 3.62e-05 57.68 2.31004 0.048667 -204.26 1.0 2.0
189101.0 0.00216 0.0234 0.00351 0.0127 0.00216 4.0 3.16084 0.0538923 416.6 7.0 2.0
189101.0 0.0113 0.0375 0.014 0.0428 0.0113 4.4 3.12923 0.0538923 412.4 7.0 2.0
189101.0 0.0581 0.0578 0.0582 0.11 0.0581 4.84 3.09794 0.0538923 407.78 7.0 2.0
189101.0 0.193 0.0798 0.182 0.14 0.193 5.32 3.06696 0.0538923 402.7 7.0 2.0
189101.0 0.153 0.0948 0.153 0.101 0.153 5.86 3.03629 0.0538923 397.11 7.0 2.0
189101.0 0.0473 0.101 0.0522 0.0747 0.0473 6.44 3.00593 0.0538923 390.96 7.0 2.0
189101.0 0.0209 0.106 0.0244 0.0789 0.0209 7.09 2.97587 0.0538923 384.195 7.0 2.0
189101.0 0.0243 0.121 0.0276 0.113 0.0243 7.79 2.94611 0.0538923 376.755 7.0 2.0
189101.0 0.0724 0.148 0.0764 0.159 0.0724 8.57 2.91665 0.0538923 368.575 7.0 2.0
189101.0 0.312 0.18 0.31 0.163 0.312 9.43 2.88748 0.0538923 359.575 7.0 2.0
189101.0 0.45 0.184 0.436 0.117 0.45 10.37 2.85861 0.0538923 349.675 2.0 2.0
189101.0 0.0436 0.138 0.0462 0.0715 0.0436 11.41 2.83002 0.0538923 338.785 2.0 2.0
189101.0 0.00436 0.0747 0.00581 0.0482 0.00435 12.55 2.80172 0.0538923 326.805 2.0 2.0
189101.0 0.000951 0.0324 0.00158 0.0418 0.00095 13.81 2.77371 0.0538923 313.625 2.0 2.0
189101.0 0.000179 0.000607 0.000379 0.0599 0.000179 22.24 2.63777 0.0538923 225.1 1.0 2.0
189101.0 0.000172 0.000361 0.000348 0.0341 0.000172 24.46 2.61139 0.0538923 201.75 1.0 2.0
189101.0 0.000165 0.000234 0.000319 0.0177 0.000165 26.91 2.58527 0.0538923 176.065 1.0 2.0
189101.0 0.000158 0.000162 0.000296 0.00991 0.000158 29.6 2.55942 0.0538923 147.81 1.0 2.0
189101.0 0.000153 0.000119 0.00028 0.0064 0.000153 32.56 2.53383 0.0538923 116.73 1.0 2.0
189757.0 0.0025 0.0155 0.00416 0.0119 0.00249 4.0 3.08866 0.126323 408.83 7.0 1.0
189757.0 0.0121 0.0273 0.015 0.0385 0.0121 4.4 3.05777 0.126323 404.63 7.0 1.0
189757.0 0.0545 0.0467 0.0533 0.0966 0.0545 4.84 3.0272 0.126323 400.01 7.0 1.0
189757.0 0.14 0.0745 0.127 0.129 0.14 5.32 2.99693 0.126323 394.93 7.0 1.0
189757.0 0.119 0.104 0.12 0.104 0.119 5.86 2.96696 0.126323 389.34 7.0 1.0
189757.0 0.0662 0.124 0.0752 0.0806 0.0662 6.44 2.93729 0.126323 383.19 7.0 1.0
189757.0 0.0558 0.124 0.0656 0.0799 0.0558 7.09 2.90791 0.126323 376.425 7.0 1.0
189757.0 0.0854 0.107 0.0923 0.0947 0.0854 7.79 2.87883 0.126323 368.985 7.0 1.0
189757.0 0.149 0.0818 0.135 0.105 0.149 8.57 2.85005 0.126323 360.805 7.0 1.0
189757.0 0.133 0.057 0.111 0.0927 0.133 9.43 2.82155 0.126323 351.805 8.0 1.0
189757.0 0.0494 0.0382 0.05 0.0664 0.0494 10.37 2.79333 0.126323 341.905 8.0 1.0
189757.0 0.0131 0.0257 0.0191 0.0444 0.0131 11.41 2.7654 0.126323 331.015 8.0 1.0
189757.0 0.00391 0.0181 0.00845 0.0309 0.00391 12.55 2.73774 0.126323 319.035 8.0 1.0
189757.0 0.00161 0.0138 0.00482 0.0239 0.00161 13.81 2.71037 0.126323 305.855 8.0 1.0
189757.0 0.000933 0.0116 0.00348 0.0213 0.000933 15.19 2.68326 0.126323 291.355 8.0 1.0
189757.0 0.000732 0.0109 0.00301 0.0219 0.000732 16.71 2.65643 0.126323 275.405 8.0 1.0
189757.0 0.000753 0.0115 0.00301 0.0258 0.000753 18.38 2.62986 0.126323 257.86 8.0 1.0
189757.0 0.00102 0.0134 0.0035 0.0334 0.00102 20.22 2.60357 0.126323 238.56 8.0 1.0
189757.0 0.00188 0.0169 0.00494 0.0462 0.00188 22.24 2.57753 0.126323 217.33 8.0 1.0
189757.0 0.00498 0.0223 0.00898 0.0646 0.00498 24.46 2.55176 0.126323 193.98 8.0 1.0
189757.0 0.018 0.0292 0.0212 0.0845 0.018 26.91 2.52624 0.126323 168.295 8.0 1.0
189757.0 0.0637 0.0361 0.053 0.0923 0.0637 29.6 2.50098 0.126323 140.04 8.0 1.0
189757.0 0.105 0.0399 0.0845 0.0776 0.105 32.56 2.47597 0.126323 108.96 8.0 1.0
189757.0 0.0545 0.0379 0.0574 0.0522 0.0545 35.82 2.45121 0.126323 74.77 8.0 1.0
189757.0 0.0165 0.0305 0.0236 0.0322 0.0165 39.4 2.42669 0.126323 37.16 8.0 1.0
189757.0 0.00476 0.021 0.00899 0.0214 0.00476 43.34 2.40243 0.126323 -4.21 9.0 1.0
189757.0 0.00161 0.0127 0.00378 0.0172 0.00161 47.67 2.3784 0.126323 -49.715 9.0 1.0
189757.0 0.000668 0.00704 0.00174 0.0176 0.000668 52.44 2.35462 0.126323 -99.77 9.0 1.0
189757.0 0.00031 0.00366 0.000781 0.0227 0.00031 57.68 2.33107 0.126323 -154.83 9.0 1.0
189757.0 0.000145 0.00185 0.000313 0.0337 0.000145 57.68 2.30776 0.126323 -212.51 9.0 1.0
190281.0 0.00268 0.018 0.00597 0.0382 0.00268 35.82 2.68543 0.183905 70.18 9.0 1.0
190281.0 0.00124 0.0122 0.00346 0.0273 0.00124 39.4 2.65858 0.183905 32.57 9.0 1.0
190281.0 0.000747 0.00784 0.00243 0.0213 0.000747 43.34 2.63199 0.183905 -8.8 9.0 1.0
190281.0 0.00054 0.00486 0.00186 0.0186 0.00054 47.67 2.60567 0.183905 -54.305 9.0 1.0
190281.0 0.000419 0.00293 0.00138 0.0183 0.000419 52.44 2.57962 0.183905 -104.36 9.0 1.0
190281.0 0.000318 0.00173 0.000885 0.0198 0.000318 57.68 2.55382 0.183905 -159.42 9.0 1.0
190281.0 0.000228 0.00102 0.000481 0.022 0.000228 57.68 2.52828 0.183905 -217.1 9.0 1.0
192060.0 0.000426 0.00467 0.00127 0.0202 0.000426 43.34 2.37142 0.057886 -25.7 9.0 1.0
192060.0 0.000352 0.00213 0.00108 0.0133 0.000352 47.67 2.34771 0.057886 -71.205 9.0 1.0
192060.0 0.000299 0.000967 0.000864 0.00884 0.000299 52.44 2.32423 0.057886 -121.26 9.0 1.0
192060.0 0.000237 0.000437 0.00058 0.00542 0.000237 57.68 2.30099 0.057886 -176.32 9.0 1.0
192060.0 0.000172 0.000197 0.000325 0.00297 0.000172 57.68 2.27798 0.057886 -234.0 9.0 1.0
192588.0 0.098 0.0882 0.1 0.122 0.098 22.24 2.59548 0.0216548 189.46 9.0 1.0
192588.0 0.0144 0.0576 0.0172 0.0919 0.0144 24.46 2.56953 0.0216548 166.11 9.0 1.0
192588.0 0.00262 0.0312 0.00386 0.0577 0.00262 26.91 2.54383 0.0216548 140.425 9.0 1.0
192588.0 0.000785 0.0153 0.00143 0.0346 0.000785 29.6 2.51839 0.0216548 112.17 9.0 1.0
192588.0 0.000387 0.00719 0.000829 0.022 0.000387 32.56 2.49321 0.0216548 81.09 9.0 1.0
192588.0 0.000279 0.00336 0.000656 0.0155 0.000279 35.82 2.46828 0.0216548 46.9 9.0 1.0
192588.0 0.000251 0.00158 0.000611 0.0124 0.000251 39.4 2.4436 0.0216548 9.29 9.0 1.0
192588.0 0.000245 0.000752 0.000595 0.0111 0.000245 43.34 2.41916 0.0216548 -32.08 9.0 1.0
192588.0 0.000231 0.000361 0.000548 0.0112 0.000231 47.67 2.39497 0.0216548 -77.585 9.0 1.0
192588.0 0.000194 0.000174 0.000433 0.0126 0.000194 52.44 2.37102 0.0216548 -127.64 9.0 1.0
192588.0 0.000137 8.38e-05 0.00027 0.0163 0.000137 57.68 2.34731 0.0216548 -182.7 9.0 1.0
192588.0 8.25e-05 4.04e-05 0.000132 0.0244 8.25e-05 57.68 2.32384 0.0216548 -240.38 9.0 1.0
192753.0 0.00809 0.0594 0.0103 0.0991 0.00809 22.24 2.55625 0.0297119 187.74 9.0 1.0
192753.0 0.00146 0.029 0.00234 0.0701 0.00146 24.46 2.53069 0.0297119 164.39 9.0 1.0
192753.0 0.0005 0.013 0.000969 0.0448 0.0005 26.91 2.50538 0.0297119 138.705 9.0 1.0
192753.0 0.000286 0.00574 0.000631 0.0284 0.000286 29.6 2.48033 0.0297119 110.45 9.0 1.0
192753.0 0.000229 0.00258 0.000533 0.0189 0.000229 32.56 2.45552 0.0297119 79.37 9.0 1.0
192753.0 0.000219 0.0012 0.000509 0.0138 0.000219 35.82 2.43097 0.0297119 45.18 9.0 1.0
192753.0 0.000223 0.000577 0.000506 0.0112 0.000223 39.4 2.40666 0.0297119 7.57 9.0 1.0
192753.0 0.000223 0.000286 0.000494 0.0101 0.000223 43.34 2.38259 0.0297119 -33.8 9.0 1.0
192753.0 0.000207 0.000145 0.00045 0.0103 0.000207 47.67 2.35876 0.0297119 -79.305 9.0 1.0
192753.0 0.000168 7.45e-05 0.000351 0.0121 0.000168 52.44 2.33518 0.0297119 -129.36 9.0 1.0
192753.0 0.000114 3.86e-05 0.000217 0.0172 0.000114 57.68 2.31183 0.0297119 -184.42 9.0 1.0
192753.0 6.69e-05 2.01e-05 0.000107 0.0303 6.69e-05 57.68 2.28871 0.0297119 -242.1 9.0 1.0
192954.0 0.00385 0.0197 0.00515 0.0114 0.00385 4.0 2.98361 0.0465963 377.41 7.0 1.0
192954.0 0.0133 0.0318 0.0151 0.0366 0.0133 4.4 2.95378 0.0465963 373.21 7.0 1.0
192954.0 0.0509 0.0489 0.0505 0.102 0.0509 4.84 2.92424 0.0465963 368.59 7.0 1.0
192954.0 0.134 0.0664 0.125 0.131 0.134 5.32 2.895 0.0465963 363.51 8.0 1.0
192954.0 0.109 0.0748 0.107 0.0788 0.109 5.86 2.86605 0.0465963 357.92 8.0 1.0
192954.0 0.041 0.0708 0.0458 0.0423 0.041 6.44 2.83739 0.0465963 351.77 8.0 1.0
192954.0 0.019 0.061 0.0232 0.0328 0.019 7.09 2.80901 0.0465963 345.005 8.0 1.0
192954.0 0.0175 0.0528 0.0211 0.0412 0.0175 7.79 2.78092 0.0465963 337.565 8.0 1.0
192954.0 0.0322 0.0495 0.0348 0.0698 0.0322 8.57 2.75311 0.0465963 329.385 8.0 1.0
192954.0 0.0786 0.0519 0.0734 0.113 0.0786 9.43 2.72558 0.0465963 320.385 8.0 1.0
192954.0 0.122 0.0602 0.108 0.131 0.122 10.37 2.69833 0.0465963 310.485 8.0 1.0
192954.0 0.0855 0.0746 0.0857 0.11 0.0855 11.41 2.67134 0.0465963 299.595 8.0 1.0
192954.0 0.0532 0.0928 0.0607 0.0812 0.0532 12.55 2.64463 0.0465963 287.615 8.0 1.0
192954.0 0.0554 0.107 0.0655 0.0627 0.0554 13.81 2.61818 0.0465963 274.435 8.0 1.0
192954.0 0.102 0.107 0.11 0.0549 0.102 15.19 2.592 0.0465963 259.935 8.0 1.0
192954.0 0.165 0.0882 0.151 0.0549 0.165 16.71 2.56608 0.0465963 243.985 8.0 1.0
192954.0 0.0787 0.0594 0.0709 0.0596 0.0787 18.38 2.54042 0.0465963 226.44 8.0 1.0
192954.0 0.0163 0.0342 0.0179 0.0653 0.0163 20.22 2.51502 0.0465963 207.14 8.0 1.0
192954.0 0.00356 0.018 0.005 0.0666 0.00356 22.24 2.48987 0.0465963 185.91 8.0 1.0
192954.0 0.00113 0.00917 0.00199 0.0603 0.00113 24.46 2.46497 0.0465963 162.56 8.0 1.0
192954.0 0.00054 0.00469 0.00114 0.0485 0.00054 26.91 2.44032 0.0465963 136.875 8.0 1.0
192954.0 0.000362 0.00246 0.000841 0.0358 0.000362 29.6 2.41591 0.0465963 108.62 8.0 1.0
192954.0 0.000303 0.00134 0.000729 0.0254 0.000303 32.56 2.39176 0.0465963 77.54 8.0 1.0
192954.0 0.000287 0.000751 0.000683 0.0183 0.000287 35.82 2.36784 0.0465963 43.35 9.0 1.0
192954.0 0.000283 0.000435 0.000659 0.0139 0.000283 39.4 2.34416 0.0465963 5.74 9.0 1.0
192954.0 0.000275 0.000258 0.000628 0.0119 0.000275 43.34 2.32072 0.0465963 -35.63 9.0 1.0
192954.0 0.000249 0.000156 0.00056 0.0119 0.000249 47.67 2.29751 0.0465963 -81.135 9.0 1.0
192954.0 0.000199 9.48e-05 0.000429 0.0146 0.000199 52.44 2.27454 0.0465963 -131.19 9.0 1.0
192954.0 0.000134 5.79e-05 0.000259 0.0226 0.000134 57.68 2.25179 0.0465963 -186.25 9.0 1.0
192954.0 7.7e-05 3.55e-05 0.000123 0.045 7.7e-05 57.68 2.22927 0.0465963 -243.93 9.0 1.0
194790.0 0.00343 0.0156 0.00494 0.0132 0.00343 4.0 2.98822 0.143648 360.84 7.0 1.0
194790.0 0.0127 0.0276 0.0149 0.0367 0.0127 4.4 2.95833 0.143648 356.64 7.0 1.0
194790.0 0.0513 0.0477 0.0508 0.0933 0.0513 4.84 2.92875 0.143648 352.02 7.0 1.0
194790.0 0.138 0.0765 0.13 0.138 0.138 5.32 2.89946 0.143648 346.94 7.0 1.0
194790.0 0.139 0.108 0.137 0.116 0.139 5.86 2.87047 0.143648 341.35 7.0 1.0
194790.0 0.0817 0.131 0.0848 0.0911 0.0817 6.44 2.84176 0.143648 335.2 7.0 1.0
194790.0 0.0655 0.141 0.0707 0.0923 0.0655 7.09 2.81335 0.143648 328.435 7.0 1.0
194790.0 0.0941 0.137 0.103 0.115 0.0941 7.79 2.78521 0.143648 320.995 8.0 1.0
194790.0 0.171 0.119 0.178 0.133 0.171 8.57 2.75736 0.143648 312.815 8.0 1.0
194790.0 0.186 0.0927 0.171 0.114 0.186 9.43 2.72979 0.143648 303.815 8.0 1.0
194790.0 0.0821 0.0645 0.0717 0.0751 0.0821 10.37 2.70249 0.143648 293.915 8.0 1.0
194790.0 0.0232 0.0416 0.0235 0.0447 0.0232 11.41 2.67546 0.143648 283.025 8.0 1.0
194790.0 0.00696 0.026 0.00899 0.0278 0.00696 12.55 2.64871 0.143648 271.045 8.0 1.0
194790.0 0.00263 0.0164 0.00432 0.0199 0.00263 13.81 2.62222 0.143648 257.865 8.0 1.0
194790.0 0.00131 0.0108 0.0026 0.0173 0.00131 15.19 2.596 0.143648 243.365 8.0 1.0
194790.0 0.000914 0.00752 0.00197 0.0181 0.000914 16.71 2.57004 0.143648 227.415 8.0 1.0
194790.0 0.000932 0.00552 0.00196 0.0221 0.000932 18.38 2.54434 0.143648 209.87 8.0 1.0
194790.0 0.00142 0.00424 0.00255 0.0296 0.00142 20.22 2.5189 0.143648 190.57 8.0 1.0
194790.0 0.00293 0.00336 0.00399 0.0408 0.00293 22.24 2.49371 0.143648 169.34 8.0 1.0
194790.0 0.00599 0.0027 0.00588 0.0536 0.00599 24.46 2.46877 0.143648 145.99 8.0 1.0
194790.0 0.000637 0.00106 0.000957 0.0238 0.000637 35.82 2.37149 0.143648 26.78 9.0 1.0
194790.0 0.000357 0.000796 0.000662 0.0143 0.000357 39.4 2.34778 0.143648 -10.83 9.0 1.0
194790.0 0.00026 0.000588 0.000548 0.01 0.00026 43.34 2.3243 0.143648 -52.2 9.0 1.0
194790.0 0.000213 0.000426 0.000473 0.00936 0.000213 47.67 2.30106 0.143648 -97.705 9.0 1.0
194790.0 0.000169 0.000303 0.000366 0.0133 0.000169 52.44 2.27804 0.143648 -147.76 9.0 1.0
194790.0 0.000116 0.000212 0.000226 0.0317 0.000116 57.68 2.25526 0.143648 -202.82 9.0 1.0
194790.0 6.88e-05 0.000148 0.00011 0.128 6.88e-05 57.68 2.23271 0.143648 -260.5 9.0 1.0
195521.0 0.00044 0.000307 0.000467 0.0198 0.00044 26.91 2.71831 0.157126 111.205 9.0 1.0
195521.0 0.000308 0.000221 0.000359 0.0136 0.000308 29.6 2.69112 0.157126 82.95 9.0 1.0
195521.0 0.00022 0.000164 0.000304 0.00956 0.00022 32.56 2.66421 0.157126 51.87 9.0 1.0
195521.0 0.000176 0.000126 0.000283 0.0071 0.000176 35.82 2.63757 0.157126 17.68 9.0 1.0
195521.0 0.000158 9.82e-05 0.00028 0.00572 0.000159 39.4 2.61119 0.157126 -19.93 9.0 1.0
195521.0 0.000151 7.76e-05 0.000279 0.0052 0.000151 43.34 2.58508 0.157126 -61.3 9.0 1.0
195521.0 0.00014 6.17e-05 0.000265 0.00573 0.00014 47.67 2.55923 0.157126 -106.805 9.0 1.0
195521.0 0.000115 4.91e-05 0.000215 0.00864 0.000115 52.44 2.53364 0.157126 -156.86 9.0 1.0
195521.0 7.69e-05 3.89e-05 0.000133 0.0209 7.69e-05 57.68 2.5083 0.157126 -211.92 9.0 1.0
195521.0 4.15e-05 3.07e-05 6.05e-05 0.0861 4.15e-05 57.68 2.48322 0.157126 -269.6 9.0 1.0
197518.0 0.00205 0.0133 0.00271 0.00807 0.00205 4.0 3.06721 0.111826 332.18 7.0 1.0
197518.0 0.00747 0.0241 0.00854 0.0254 0.00748 4.4 3.03654 0.111826 327.98 7.0 1.0
197518.0 0.0343 0.0428 0.0352 0.0835 0.0344 4.84 3.00617 0.111826 323.36 7.0 1.0
197518.0 0.15 0.0698 0.148 0.164 0.15 5.32 2.97611 0.111826 318.28 7.0 1.0
197518.0 0.171 0.0982 0.164 0.137 0.171 5.86 2.94635 0.111826 312.69 7.0 1.0
197518.0 0.0521 0.12 0.0532 0.0869 0.0521 6.44 2.91688 0.111826 306.54 7.0 1.0
197518.0 0.0288 0.137 0.031 0.072 0.0288 7.09 2.88772 0.111826 299.775 7.0 1.0
197518.0 0.0555 0.154 0.0606 0.0861 0.0555 7.79 2.85884 0.111826 292.335 7.0 1.0
197518.0 0.234 0.163 0.255 0.119 0.234 8.57 2.83025 0.111826 284.155 8.0 1.0
197518.0 0.357 0.142 0.331 0.139 0.357 9.43 2.80195 0.111826 275.155 8.0 1.0
197518.0 0.0425 0.0938 0.0416 0.116 0.0425 10.37 2.77393 0.111826 265.255 8.0 1.0
197518.0 0.00544 0.0483 0.00625 0.0728 0.00544 11.41 2.74619 0.111826 254.365 8.0 1.0
197518.0 0.00136 0.0216 0.00186 0.0429 0.00136 12.55 2.71873 0.111826 242.385 8.0 1.0
197518.0 0.000581 0.00941 0.000938 0.0284 0.000581 13.81 2.69154 0.111826 229.205 8.0 1.0
197518.0 0.000353 0.00428 0.000651 0.023 0.000352 15.19 2.66462 0.111826 214.705 8.0 1.0
197518.0 0.000276 0.00213 0.000548 0.0227 0.000275 16.71 2.63798 0.111826 198.755 8.0 1.0
197518.0 0.000263 0.00117 0.000522 0.0263 0.000263 18.38 2.6116 0.111826 181.21 8.0 1.0
197518.0 0.000293 0.000711 0.000536 0.033 0.000293 20.22 2.58548 0.111826 161.91 8.0 1.0
197518.0 0.000353 0.000475 0.000563 0.0417 0.000353 22.24 2.55963 0.111826 140.68 8.0 1.0
197518.0 0.000415 0.000344 0.000572 0.0488 0.000415 24.46 2.53403 0.111826 117.33 8.0 1.0
197518.0 0.000429 0.000267 0.000537 0.0486 0.000428 26.91 2.50869 0.111826 91.645 8.0 1.0
197518.0 0.000166 0.00014 0.00026 0.00808 0.000166 39.4 2.40984 0.111826 -39.49 9.0 1.0
197518.0 0.000142 0.000123 0.000246 0.00554 0.000142 43.34 2.38574 0.111826 -80.86 9.0 1.0
197518.0 0.000131 0.000107 0.000234 0.00517 0.000131 47.67 2.36188 0.111826 -126.365 9.0 1.0
197518.0 0.000118 9.19e-05 0.000198 0.00784 0.000118 52.44 2.33826 0.111826 -176.42 9.0 1.0
197518.0 9e-05 7.8e-05 0.000127 0.0228 8.99e-05 57.68 2.31488 0.111826 -231.48 9.0 1.0
197518.0 5.29e-05 6.57e-05 5.82e-05 0.123 5.29e-05 57.68 2.29173 0.111826 -289.16 9.0 1.0
200696.0 0.000436 0.00192 0.00115 0.0128 0.000436 43.34 2.47771 0.20885 -108.92 9.0 1.0
200696.0 0.00038 0.00108 0.00102 0.00909 0.00038 47.67 2.45293 0.20885 -154.425 9.0 1.0
200696.0 0.00031 0.000602 0.000811 0.00636 0.00031 52.44 2.4284 0.20885 -204.48 9.0 1.0
200696.0 0.000227 0.000334 0.000532 0.00393 0.000227 57.68 2.40412 0.20885 -259.54 9.0 1.0
200696.0 0.000151 0.000184 0.000292 0.00209 0.000151 57.68 2.38007 0.20885 -317.22 9.0 1.0
201706.0 0.00509 0.0246 0.00689 0.0174 0.00509 4.0 3.53318 0.107858 299.4 7.0 1.0
201706.0 0.0189 0.0417 0.0217 0.0486 0.0189 4.4 3.49785 0.107858 295.2 7.0 1.0
201706.0 0.0802 0.0688 0.0797 0.122 0.0802 4.84 3.46287 0.107858 290.58 7.0 1.0
201706.0 0.192 0.101 0.181 0.155 0.192 5.32 3.42824 0.107858 285.5 7.0 1.0
201706.0 0.148 0.125 0.144 0.111 0.148 5.86 3.39396 0.107858 279.91 7.0 1.0
201706.0 0.0718 0.127 0.0769 0.0759 0.0718 6.44 3.36002 0.107858 273.76 7.0 1.0
201706.0 0.0429 0.112 0.0513 0.0684 0.0429 7.09 3.32642 0.107858 266.995 7.0 1.0
201706.0 0.0423 0.0879 0.0523 0.0777 0.0423 7.79 3.29316 0.107858 259.555 7.0 1.0
201706.0 0.0626 0.0641 0.0695 0.0867 0.0626 8.57 3.26022 0.107858 251.375 7.0 1.0
201706.0 0.0922 0.0444 0.0828 0.0774 0.0922 9.43 3.22762 0.107858 242.375 8.0 1.0
201706.0 0.0855 0.0302 0.0668 0.0558 0.0855 10.37 3.19535 0.107858 232.475 8.0 1.0
201706.0 0.0457 0.0207 0.0386 0.0379 0.0457 11.41 3.16339 0.107858 221.585 8.0 1.0
201706.0 0.018 0.0148 0.0197 0.028 0.018 12.55 3.13176 0.107858 209.605 8.0 1.0
201706.0 0.00678 0.0113 0.0106 0.0243 0.00678 13.81 3.10044 0.107858 196.425 8.0 1.0
201706.0 0.00294 0.00933 0.00651 0.0251 0.00294 15.19 3.06944 0.107858 181.925 8.0 1.0
201706.0 0.00163 0.0085 0.00469 0.0299 0.00163 16.71 3.03874 0.107858 165.975 8.0 1.0
201706.0 0.0012 0.00859 0.00395 0.038 0.0012 18.38 3.00835 0.107858 148.43 8.0 1.0
201706.0 0.00118 0.00967 0.00385 0.048 0.00118 20.22 2.97827 0.107858 129.13 8.0 1.0
201706.0 0.00154 0.012 0.00431 0.0569 0.00154 22.24 2.94849 0.107858 107.9 8.0 1.0
201706.0 0.00256 0.0164 0.00555 0.0631 0.00256 24.46 2.919 0.107858 84.55 8.0 1.0
201706.0 0.00518 0.0239 0.00832 0.0677 0.00518 26.91 2.88981 0.107858 58.865 8.0 1.0
201706.0 0.0124 0.036 0.015 0.0734 0.0124 29.6 2.86092 0.107858 30.61 8.0 1.0
201706.0 0.0344 0.0528 0.0332 0.0808 0.0344 32.56 2.83231 0.107858 -0.47 8.0 1.0
201706.0 0.0992 0.07 0.0839 0.0868 0.0992 35.82 2.80398 0.107858 -34.66 8.0 1.0
201706.0 0.178 0.0777 0.155 0.0863 0.178 39.4 2.77594 0.107858 -72.27 8.0 1.0
201706.0 0.0903 0.0692 0.102 0.0762 0.0902 43.34 2.74818 0.107858 -113.64 8.0 1.0
201706.0 0.0209 0.0499 0.0332 0.0583 0.0209 47.67 2.7207 0.107858 -159.145 8.0 1.0
201706.0 0.00433 0.0308 0.00923 0.0385 0.00433 52.44 2.6935 0.107858 -209.2 8.0 1.0
201706.0 0.001 0.0174 0.0026 0.0225 0.001 57.68 2.66656 0.107858 -264.26 8.0 1.0
201706.0 0.000255 0.00951 0.000746 0.0123 0.000254 57.68 2.63989 0.107858 -321.94 8.0 1.0
